10000
30000
60000
90000
120000
150000
180000
210000
240000
270000
300000
330000
360000
390000
420000
450000
480000
510000
540000
570000
600000
630000
660000
690000
720000
750000
780000
810000
840000
870000
900000
930000
960000
990000
1020000
1050000
1080000
1110000
1140000
1170000
1200000
1230000
1260000
1290000
1320000
1350000
1380000
1410000
1440000
1470000
1500000
1530000
1560000
1590000
1620000
1650000
1680000
1710000
1740000
1770000
1800000
1830000
1860000
1890000
1920000
1950000
1980000
2010000
2040000
2070000
2100000
2130000
2160000
2190000
2220000
2250000
2280000
2310000
2340000
2370000
2400000
2430000
2460000
2490000
2520000
2550000
2580000
2610000
2640000
2670000
2700000
2730000
2760000
2790000
2820000
2850000
2880000
2910000
2940000
2970000
3000000
3030000
3060000
3090000
3120000
3150000
3180000
3210000
3240000
3270000
3300000
3330000
3360000
3390000
3420000
3450000
3480000
3510000
3540000
3570000
3600000
3630000
3660000
3690000
3720000
3750000
3780000
3810000
3840000
3870000
3900000
3930000
3960000
3990000
4020000
4050000
4080000
4110000
4140000
4170000
4200000
4230000
4260000
4290000
4320000
4350000
4380000
4410000
4440000
4470000
4500000
4530000
4560000
4590000
4620000
4650000
4680000
4710000
4740000
4770000
4800000
4830000
4860000
4890000
4920000
4950000
4980000
5010000
5040000
5070000
5100000
5130000
5160000
5190000
5220000
5250000
5280000
5310000
5340000
5370000
5400000
5430000
5460000
5490000
5520000
5550000
5580000
5610000
5640000
5670000
5700000
5730000
5760000
5790000
5820000
5850000
5880000
5910000
5940000
5970000
6000000
6030000
6060000
6090000
6120000
6150000
6180000
6210000
6240000
6270000
6300000
6330000
6360000
6390000
6420000
6450000
6480000
6510000
6540000
6570000
6600000
6630000
6660000
6690000
6720000
6750000
6780000
6810000
6840000
6870000
6900000
6930000
6960000
6990000
7020000
7050000
7080000
7110000
7140000
7170000
7200000
7230000
7260000
7290000
7320000
7350000
7380000
7410000
7440000
7470000
7500000
7530000
7560000
7590000
7620000
7650000
7680000
7710000
7740000
7770000
7800000
7830000
7860000
7890000
7920000
7950000
7980000
8010000
8040000
8070000
8100000
8130000
8160000
8190000
8220000
8250000
8280000
8310000
8340000
8370000
8400000
8430000
8460000
8490000
8520000
8550000
8580000
8610000
8640000
8670000
8700000
8730000
8760000
8790000
8820000
8850000
8880000
8910000
8940000
8970000
9000000
9030000
9060000
9090000
9120000
9150000
9180000
9210000
9240000
9270000
9300000
9330000
9360000
9390000
9420000
9450000
9480000
9510000
9540000
9570000
9600000
9630000
9660000
9690000
9720000
9750000
9780000
9810000
9840000
9870000
9900000
9930000
9960000
9990000
10020000
10050000
10080000
10110000
10140000
10170000
10200000
10230000
10260000
10290000
10320000
10350000
10380000
10410000
10440000
10470000
10500000
10530000
10560000
10590000
10620000
10650000
10680000
10710000
10740000
10770000
10800000
10830000
10860000
10890000
10920000
10950000
10980000
11010000
11040000
11070000
11100000
11130000
11160000
11190000
11220000
11250000
11280000
11310000
11340000
11370000
11400000
11430000
11460000
11490000
11520000
11550000
11580000
11610000
11640000
11670000
11700000
11730000
11760000
11790000
11820000
11850000
11880000
11910000
11940000
11970000
12000000
12030000
12060000
12090000
12120000
12150000
12180000
12210000
12240000
12270000
12300000
12330000
12360000
12390000
12420000
12450000
12480000
12510000
12540000
12570000
12600000
12630000
12660000
12690000
12720000
12750000
12780000
12810000
12840000
12870000
12900000
12930000
12960000
12990000
13020000
13050000
13080000
13110000
13140000
13170000
13200000
13230000
13260000
13290000
13320000
13350000
13380000
13410000
13440000
13470000
13500000
13530000
13560000
13590000
13620000
13650000
13680000
13710000
13740000
13770000
13800000
13830000
13860000
13890000
13920000
13950000
13980000
14010000
14040000
14070000
14100000
14130000
14160000
14190000
14220000
14250000
14280000
14310000
14340000
14370000
14400000
14430000
14460000
14490000
14520000
14550000
14580000
14610000
14640000
14670000
14700000
14730000
14760000
14790000
14820000
14850000
14880000
14910000
14940000
14970000
15000000
15030000
15060000
15090000
15120000
15150000
15180000
15210000
15240000
15270000
15300000
15330000
15360000
15390000
15420000
15450000
15480000
15510000
15540000
15570000
15600000
15630000
15660000
15690000
15720000
15750000
15780000
15810000
15840000
15870000
15900000
15930000
15960000
15990000
16020000
16050000
16080000
16110000
16140000
16170000
16200000
16230000
16260000
16290000
16320000
16350000
16380000
16410000
16440000
16470000
16500000
16530000
16560000
16590000
16620000
16650000
16680000
16710000
16740000
16770000
16800000
16830000
16860000
16890000
16920000
16950000
16980000
17010000
17040000
17070000
17100000
17130000
17160000
17190000
17220000
17250000
17280000
17310000
17340000
17370000
17400000
17430000
17460000
17490000
17520000
17550000
17580000
17610000
17640000
17670000
17700000
17730000
17760000
17790000
17820000
17850000
17880000
17910000
17940000
17970000
18000000
18030000
18060000
18090000
18120000
18150000
18180000
18210000
18240000
18270000
18300000
18330000
18360000
18390000
18420000
18450000
18480000
18510000
18540000
18570000
18600000
18630000
18660000
18690000
18720000
18750000
18780000
18810000
18840000
18870000
18900000
18930000
18960000
18990000
19020000
19050000
19080000
19110000
19140000
19170000
19200000
19230000
19260000
19290000
19320000
19350000
19380000
19410000
19440000
19470000
19500000
19530000
19560000
19590000
19620000
19650000
19680000
19710000
19740000
19770000
19800000
19830000
19860000
19890000
19920000
19950000
19980000
20010000
20040000
20070000
20100000
20130000
20160000
20190000
20220000
20250000
20280000
20310000
20340000
20370000
20400000
20430000
20460000
20490000
20520000
20550000
20580000
20610000
20640000
20670000
20700000
20730000
20760000
20790000
20820000
20850000
20880000
20910000
20940000
20970000
21000000
21030000
21060000
21090000
21120000
21150000
21180000
21210000
21240000
21270000
21300000
21330000
21360000
21390000
21420000
21450000
21480000
21510000
21540000
21570000
21600000
21630000
21660000
21690000
21720000
21750000
21780000
21810000
21840000
21870000
21900000
21930000
21960000
21990000
22020000
22050000
22080000
22110000
22140000
22170000
22200000
22230000
22260000
22290000
22320000
22350000
22380000
22410000
22440000
22470000
22500000
22530000
22560000
22590000
22620000
22650000
22680000
22710000
22740000
22770000
22800000
22830000
22860000
22890000
22920000
22950000
22980000
23010000
23040000
23070000
23100000
23130000
23160000
23190000
23220000
23250000
23280000
23310000
23340000
23370000
23400000
23430000
23460000
23490000
23520000
23550000
23580000
23610000
23640000
23670000
23700000
23730000
23760000
23790000
23820000
23850000
23880000
23910000
23940000
23970000
24000000
24030000
24060000
24090000
24120000
24150000
24180000
24210000
24240000
24270000
24300000
24330000
24360000
24390000
24420000
24450000
24480000
24510000
24540000
24570000
24600000
24630000
24660000
24690000
24720000
24750000
24780000
24810000
24840000
24870000
24900000
24930000
24960000
24990000
25020000
25050000
25080000
25110000
25140000
25170000
25200000
25230000
25260000
25290000
25320000
25350000
25380000
25410000
25440000
25470000
25500000
25530000
25560000
25590000
25620000
25650000
25680000
25710000
25740000
25770000
25800000
25830000
25860000
25890000
25920000
25950000
25980000
26010000
26040000
26070000
26100000
26130000
26160000
26190000
26220000
26250000
26280000
26310000
26340000
26370000
26400000
26430000
26460000
26490000
26520000
26550000
26580000
26610000
26640000
26670000
26700000
26730000
26760000
26790000
26820000
26850000
26880000
26910000
26940000
26970000
27000000
27030000
27060000
27090000
27120000
27150000
27180000
27210000
27240000
27270000
27300000
27330000
27360000
27390000
27420000
27450000
27480000
27510000
27540000
27570000
27600000
27630000
27660000
27690000
27720000
27750000
27780000
27810000
27840000
27870000
27900000
27930000
27960000
27990000
28020000
28050000
28080000
28110000
28140000
28170000
28200000
28230000
28260000
28290000
28320000
28350000
28380000
28410000
28440000
28470000
28500000
28530000
28560000
28590000
28620000
28650000
28680000
28710000
28740000
28770000
28800000
28830000
28860000
28890000
28920000
28950000
28980000
29010000
29040000
29070000
29100000
29130000
29160000
29190000
29220000
29250000
29280000
29310000
29340000
29370000
29400000
29430000
29460000
29490000
29520000
29550000
29580000
29610000
29640000
29670000
29700000
29730000
29760000
29790000
29820000
29850000
29880000
29910000
29940000
29970000
30000000
30030000
30060000
30090000
30120000
30150000
30180000
30210000
30240000
30270000
30300000
30330000
30360000
30390000
30420000
30450000
30480000
30510000
30540000
30570000
30600000
30630000
30660000
30690000
30720000
30750000
30780000
30810000
30840000
30870000
30900000
30930000
30960000
30990000
31020000
31050000
31080000
31110000
31140000
31170000
31200000
31230000
31260000
31290000
31320000
31350000
31380000
31410000
31440000
31470000
31500000
31530000
31560000
31590000
31620000
31650000
31680000
31710000
31740000
31770000
31800000
31830000
31860000
31890000
31920000
31950000
31980000
32010000
32040000
32070000
32100000
32130000
32160000
32190000
32220000
32250000
32280000
32310000
32340000
32370000
32400000
32430000
32460000
32490000
32520000
32550000
32580000
32610000
32640000
32670000
32700000
32730000
32760000
32790000
32820000
32850000
32880000
32910000
32940000
32970000
33000000
33030000
33060000
33090000
33120000
33150000
33180000
33210000
33240000
33270000
33300000
33330000
33360000
33390000
33420000
33450000
33480000
33510000
33540000
33570000
33600000
33630000
33660000
33690000
33720000
33750000
33780000
33810000
33840000
33870000
33900000
33930000
33960000
33990000
34020000
34050000
34080000
34110000
34140000
34170000
34200000
34230000
34260000
34290000
34320000
34350000
34380000
34410000
34440000
34470000
34500000
34530000
34560000
34590000
34620000
34650000
34680000
34710000
34740000
34770000
34800000
34830000
34860000
34890000
34920000
34950000
34980000
35010000
35040000
35070000
35100000
35130000
35160000
35190000
35220000
35250000
35280000
35310000
35340000
35370000
35400000
35430000
35460000
35490000
35520000
35550000
35580000
35610000
35640000
35670000
35700000
35730000
35760000
35790000
35820000
35850000
35880000
35910000
35940000
35970000
36000000
36030000
36060000
36090000
36120000
36150000
36180000
36210000
36240000
36270000
36300000
36330000
36360000
36390000
36420000
36450000
36480000
36510000
36540000
36570000
36600000
36630000
36660000
36690000
36720000
36750000
36780000
36810000
36840000
36870000
36900000
36930000
36960000
36990000
37020000
37050000
37080000
37110000
37140000
37170000
37200000
37230000
37260000
37290000
37320000
37350000
37380000
37410000
37440000
37470000
37500000
37530000
37560000
37590000
37620000
37650000
37680000
37710000
37740000
37770000
37800000
37830000
37860000
37890000
37920000
37950000
37980000
38010000
38040000
38070000
38100000
38130000
38160000
38190000
38220000
38250000
38280000
38310000
38340000
38370000
38400000
38430000
38460000
38490000
38520000
38550000
38580000
38610000
38640000
38670000
38700000
38730000
38760000
38790000
38820000
38850000
38880000
38910000
38940000
38970000
39000000
39030000
39060000
39090000
39120000
39150000
39180000
39210000
39240000
39270000
39300000
39330000
39360000
39390000
39420000
39450000
39480000
39510000
39540000
39570000
39600000
39630000
39660000
39690000
39720000
39750000
39780000
39810000
39840000
39870000
39900000
39930000
39960000
39990000
40020000
40050000
40080000
40110000
40140000
40170000
40200000
40230000
40260000
40290000
40320000
40350000
40380000
40410000
40440000
40470000
40500000
40530000
40560000
40590000
40620000
40650000
40680000
40710000
40740000
40770000
40800000
40830000
40860000
40890000
40920000
40950000
40980000
41010000
41040000
41070000
41100000
41130000
41160000
41190000
41220000
41250000
41280000
41310000
41340000
41370000
41400000
41430000
41460000
41490000
41520000
41550000
41580000
41610000
41640000
41670000
41700000
41730000
41760000
41790000
41820000
41850000
41880000
41910000
41940000
41970000
42000000
42030000
42060000
42090000
42120000
42150000
42180000
42210000
42240000
42270000
42300000
42330000
42360000
42390000
42420000
42450000
42480000
42510000
42540000
42570000
42600000
42630000
42660000
42690000
42720000
42750000
42780000
42810000
42840000
42870000
42900000
42930000
42960000
42990000
43020000
43050000
43080000
43110000
43140000
43170000
43200000
43230000
43260000
43290000
43320000
43350000
43380000
43410000
43440000
43470000
43500000
43530000
43560000
43590000
43620000
43650000
43680000
43710000
43740000
43770000
43800000
43830000
43860000
43890000
43920000
43950000
43980000
44010000
44040000
44070000
44100000
44130000
44160000
44190000
44220000
44250000
44280000
44310000
44340000
44370000
44400000
44430000
44460000
44490000
44520000
44550000
44580000
44610000
44640000
44670000
44700000
44730000
44760000
44790000
44820000
44850000
44880000
44910000
44940000
44970000
45000000
45030000
45060000
45090000
45120000
45150000
45180000
45210000
45240000
45270000
45300000
45330000
45360000
45390000
45420000
45450000
45480000
45510000
45540000
45570000
45600000
45630000
45660000
45690000
45720000
45750000
45780000
45810000
45840000
45870000
45900000
45930000
45960000
45990000
46020000
46050000
46080000
46110000
46140000
46170000
46200000
46230000
46260000
46290000
46320000
46350000
46380000
46410000
46440000
46470000
46500000
46530000
46560000
46590000
46620000
46650000
46680000
46710000
46740000
46770000
46800000
46830000
46860000
46890000
46920000
46950000
46980000
47010000
47040000
47070000
47100000
47130000
47160000
47190000
47220000
47250000
47280000
47310000
47340000
47370000
47400000
47430000
47460000
47490000
47520000
47550000
47580000
47610000
47640000
47670000
47700000
47730000
47760000
47790000
47820000
47850000
47880000
47910000
47940000
47970000
48000000
48030000
48060000
48090000
48120000
48150000
48180000
48210000
48240000
48270000
48300000
48330000
48360000
48390000
48420000
48450000
48480000
48510000
48540000
48570000
48600000
48630000
48660000
48690000
48720000
48750000
48780000
48810000
48840000
48870000
48900000
48930000
48960000
48990000
49020000
49050000
49080000
49110000
49140000
49170000
49200000
49230000
49260000
49290000
49320000
49350000
49380000
49410000
49440000
49470000
49500000
49530000
49560000
49590000
49620000
49650000
49680000
49710000
49740000
49770000
49800000
49830000
49860000
49890000
49920000
49950000
49980000
50010000
50040000
50070000
50100000
50130000
50160000
50190000
50220000
50250000
50280000
50310000
50340000
50370000
50400000
50430000
50460000
50490000
50520000
50550000
50580000
50610000
50640000
50670000
50700000
50730000
50760000
50790000
50820000
50850000
50880000
50910000
50940000
50970000
51000000
51030000
51060000
51090000
51120000
51150000
51180000
51210000
51240000
51270000
51300000
51330000
51360000
51390000
51420000
51450000
51480000
51510000
51540000
51570000
51600000
51630000
51660000
51690000
51720000
51750000
51780000
51810000
51840000
51870000
51900000
51930000
51960000
51990000
52020000
52050000
52080000
52110000
52140000
52170000
52200000
52230000
52260000
52290000
52320000
52350000
52380000
52410000
52440000
52470000
52500000
52530000
52560000
52590000
52620000
52650000
52680000
52710000
52740000
52770000
52800000
52830000
52860000
52890000
52920000
52950000
52980000
53010000
53040000
53070000
53100000
53130000
53160000
53190000
53220000
53250000
53280000
53310000
53340000
53370000
53400000
53430000
53460000
53490000
53520000
53550000
53580000
53610000
53640000
53670000
53700000
53730000
53760000
53790000
53820000
53850000
53880000
53910000
53940000
53970000
54000000
54030000
54060000
54090000
54120000
54150000
54180000
54210000
54240000
54270000
54300000
54330000
54360000
54390000
54420000
54450000
54480000
54510000
54540000
54570000
54600000
54630000
54660000
54690000
54720000
54750000
54780000
54810000
54840000
54870000
54900000
54930000
54960000
54990000
55020000
55050000
55080000
55110000
55140000
55170000
55200000
55230000
55260000
55290000
55320000
55350000
55380000
55410000
55440000
55470000
55500000
55530000
55560000
55590000
55620000
55650000
55680000
55710000
55740000
55770000
55800000
55830000
55860000
55890000
55920000
55950000
55980000
56010000
56040000
56070000
56100000
56130000
56160000
56190000
56220000
56250000
56280000
56310000
56340000
56370000
56400000
56430000
56460000
56490000
56520000
56550000
56580000
56610000
56640000
56670000
56700000
56730000
56760000
56790000
56820000
56850000
56880000
56910000
56940000
56970000
57000000
57030000
57060000
57090000
57120000
57150000
57180000
57210000
57240000
57270000
57300000
57330000
57360000
57390000
57420000
57450000
57480000
57510000
57540000
57570000
57600000
57630000
57660000
57690000
57720000
57750000
57780000
57810000
57840000
57870000
57900000
57930000
57960000
57990000
58020000
58050000
58080000
58110000
58140000
58170000
58200000
58230000
58260000
58290000
58320000
58350000
58380000
58410000
58440000
58470000
58500000
58530000
58560000
58590000
58620000
58650000
58680000
58710000
58740000
58770000
58800000
58830000
58860000
58890000
58920000
58950000
58980000
59010000
59040000
59070000
59100000
59130000
59160000
59190000
59220000
59250000
59280000
59310000
59340000
59370000
59400000
59430000
59460000
59490000
59520000
59550000
59580000
59610000
59640000
59670000
59700000
59730000
59760000
59790000
59820000
59850000
59880000
59910000
59940000
59970000
60000000
60030000
60060000
60090000
60120000
60150000
60180000
60210000
60240000
60270000
60300000
60330000
60360000
60390000
60420000
60450000
60480000
60510000
60540000
60570000
60600000
60630000
60660000
60690000
60720000
60750000
60780000
60810000
60840000
60870000
60900000
60930000
60960000
60990000
61020000
61050000
61080000
61110000
61140000
61170000
61200000
61230000
61260000
61290000
61320000
61350000
61380000
61410000
61440000
61470000
61500000
61530000
61560000
61590000
61620000
61650000
61680000
61710000
61740000
61770000
61800000
61830000
61860000
61890000
61920000
61950000
61980000
62010000
62040000
62070000
62100000
62130000
62160000
62190000
62220000
62250000
62280000
62310000
62340000
62370000
62400000
62430000
62460000
62490000
62520000
62550000
62580000
62610000
62640000
62670000
62700000
62730000
62760000
62790000
62820000
62850000
62880000
62910000
62940000
62970000
63000000
63030000
63060000
63090000
63120000
63150000
63180000
63210000
63240000
63270000
63300000
63330000
63360000
63390000
63420000
63450000
63480000
63510000
63540000
63570000
63600000
63630000
63660000
63690000
63720000
63750000
63780000
63810000
63840000
63870000
63900000
63930000
63960000
63990000
64020000
64050000
64080000
64110000
64140000
64170000
64200000
64230000
64260000
64290000
64320000
64350000
64380000
64410000
64440000
64470000
64500000
64530000
64560000
64590000
64620000
64650000
64680000
64710000
64740000
64770000
64800000
64830000
64860000
64890000
64920000
64950000
64980000
65010000
65040000
65070000
65100000
65130000
65160000
65190000
65220000
65250000
65280000
65310000
65340000
65370000
65400000
65430000
65460000
65490000
65520000
65550000
65580000
65610000
65640000
65670000
65700000
65730000
65760000
65790000
65820000
65850000
65880000
65910000
65940000
65970000
66000000
66030000
66060000
66090000
66120000
66150000
66180000
66210000
66240000
66270000
66300000
66330000
66360000
66390000
66420000
66450000
66480000
66510000
66540000
66570000
66600000
66630000
66660000
66690000
66720000
66750000
66780000
66810000
66840000
66870000
66900000
66930000
66960000
66990000
67020000
67050000
67080000
67110000
67140000
67170000
67200000
67230000
67260000
67290000
67320000
67350000
67380000
67410000
67440000
67470000
67500000
67530000
67560000
67590000
67620000
67650000
67680000
67710000
67740000
67770000
67800000
67830000
67860000
67890000
67920000
67950000
67980000
68010000
68040000
68070000
68100000
68130000
68160000
68190000
68220000
68250000
68280000
68310000
68340000
68370000
68400000
68430000
68460000
68490000
68520000
68550000
68580000
68610000
68640000
68670000
68700000
68730000
68760000
68790000
68820000
68850000
68880000
68910000
68940000
68970000
69000000
69030000
69060000
69090000
69120000
69150000
69180000
69210000
69240000
69270000
69300000
69330000
69360000
69390000
69420000
69450000
69480000
69510000
69540000
69570000
69600000
69630000
69660000
69690000
69720000
69750000
69780000
69810000
69840000
69870000
69900000
69930000
69960000
69990000
70020000
70050000
70080000
70110000
70140000
70170000
70200000
70230000
70260000
70290000
70320000
70350000
70380000
70410000
70440000
70470000
70500000
70530000
70560000
70590000
70620000
70650000
70680000
70710000
70740000
70770000
70800000
70830000
70860000
70890000
70920000
70950000
70980000
71010000
71040000
71070000
71100000
71130000
71160000
71190000
71220000
71250000
71280000
71310000
71340000
71370000
71400000
71430000
71460000
71490000
71520000
71550000
71580000
71610000
71640000
71670000
71700000
71730000
71760000
71790000
71820000
71850000
71880000
71910000
71940000
71970000
72000000
72030000
72060000
72090000
72120000
72150000
72180000
72210000
72240000
72270000
72300000
72330000
72360000
72390000
72420000
72450000
72480000
72510000
72540000
72570000
72600000
72630000
72660000
72690000
72720000
72750000
72780000
72810000
72840000
72870000
72900000
72930000
72960000
72990000
73020000
73050000
73080000
73110000
73140000
73170000
73200000
73230000
73260000
73290000
73320000
73350000
73380000
73410000
73440000
73470000
73500000
73530000
73560000
73590000
73620000
73650000
73680000
73710000
73740000
73770000
73800000
73830000
73860000
73890000
73920000
73950000
73980000
74010000
74040000
74070000
74100000
74130000
74160000
74190000
74220000
74250000
74280000
74310000
74340000
74370000
74400000
74430000
74460000
74490000
74520000
74550000
74580000
74610000
74640000
74670000
74700000
74730000
74760000
74790000
74820000
74850000
74880000
74910000
74940000
74970000
75000000
75030000
75060000
75090000
75120000
75150000
75180000
75210000
75240000
75270000
75300000
75330000
75360000
75390000
75420000
75450000
75480000
75510000
75540000
75570000
75600000
75630000
75660000
75690000
75720000
75750000
75780000
75810000
75840000
75870000
75900000
75930000
75960000
75990000
76020000
76050000
76080000
76110000
76140000
76170000
76200000
76230000
76260000
76290000
76320000
76350000
76380000
76410000
76440000
76470000
76500000
76530000
76560000
76590000
76620000
76650000
76680000
76710000
76740000
76770000
76800000
76830000
76860000
76890000
76920000
76950000
76980000
77010000
77040000
77070000
77100000
77130000
77160000
77190000
77220000
77250000
77280000
77310000
77340000
77370000
77400000
77430000
77460000
77490000
77520000
77550000
77580000
77610000
77640000
77670000
77700000
77730000
77760000
77790000
77820000
77850000
77880000
77910000
77940000
77970000
78000000
78030000
78060000
78090000
78120000
78150000
78180000
78210000
78240000
78270000
78300000
78330000
78360000
78390000
78420000
78450000
78480000
78510000
78540000
78570000
78600000
78630000
78660000
78690000
78720000
78750000
78780000
78810000
78840000
78870000
78900000
78930000
78960000
78990000
79020000
79050000
79080000
79110000
79140000
79170000
79200000
79230000
79260000
79290000
79320000
79350000
79380000
79410000
79440000
79470000
79500000
79530000
79560000
79590000
79620000
79650000
79680000
79710000
79740000
79770000
79800000
79830000
79860000
79890000
79920000
79950000
79980000
80010000
80040000
80070000
80100000
80130000
80160000
80190000
80220000
80250000
80280000
80310000
80340000
80370000
80400000
80430000
80460000
80490000
80520000
80550000
80580000
80610000
80640000
80670000
80700000
80730000
80760000
80790000
80820000
80850000
80880000
80910000
80940000
80970000
81000000
81030000
81060000
81090000
81120000
81150000
81180000
81210000
81240000
81270000
81300000
81330000
81360000
81390000
81420000
81450000
81480000
81510000
81540000
81570000
81600000
81630000
81660000
81690000
81720000
81750000
81780000
81810000
81840000
81870000
81900000
81930000
81960000
81990000
82020000
82050000
82080000
82110000
82140000
82170000
82200000
82230000
82260000
82290000
82320000
82350000
82380000
82410000
82440000
82470000
82500000
82530000
82560000
82590000
82620000
82650000
82680000
82710000
82740000
82770000
82800000
82830000
82860000
82890000
82920000
82950000
82980000
83010000
83040000
83070000
83100000
83130000
83160000
83190000
83220000
83250000
83280000
83310000
83340000
83370000
83400000
83430000
83460000
83490000
83520000
83550000
83580000
83610000
83640000
83670000
83700000
83730000
83760000
83790000
83820000
83850000
83880000
83910000
83940000
83970000
84000000
84030000
84060000
84090000
84120000
84150000
84180000
84210000
84240000
84270000
84300000
84330000
84360000
84390000
84420000
84450000
84480000
84510000
84540000
84570000
84600000
84630000
84660000
84690000
84720000
84750000
84780000
84810000
84840000
84870000
84900000
84930000
84960000
84990000
85020000
85050000
85080000
85110000
85140000
85170000
85200000
85230000
85260000
85290000
85320000
85350000
85380000
85410000
85440000
85470000
85500000
85530000
85560000
85590000
85620000
85650000
85680000
85710000
85740000
85770000
85800000
85830000
85860000
85890000
85920000
85950000
85980000
86010000
86040000
86070000
86100000
86130000
86160000
86190000
86220000
86250000
86280000
86310000
86340000
86370000
86400000
86430000
86460000
86490000
86520000
86550000
86580000
86610000
86640000
86670000
86700000
86730000
86760000
86790000
86820000
86850000
86880000
86910000
86940000
86970000
87000000
87030000
87060000
87090000
87120000
87150000
87180000
87210000
87240000
87270000
87300000
87330000
87360000
87390000
87420000
87450000
87480000
87510000
87540000
87570000
87600000
87630000
87660000
87690000
87720000
87750000
87780000
87810000
87840000
87870000
87900000
87930000
87960000
87990000
88020000
88050000
88080000
88110000
88140000
88170000
88200000
88230000
88260000
88290000
88320000
88350000
88380000
88410000
88440000
88470000
88500000
88530000
88560000
88590000
88620000
88650000
88680000
88710000
88740000
88770000
88800000
88830000
88860000
88890000
88920000
88950000
88980000
89010000
89040000
89070000
89100000
89130000
89160000
89190000
89220000
89250000
89280000
89310000
89340000
89370000
89400000
89430000
89460000
89490000
89520000
89550000
89580000
89610000
89640000
89670000
89700000
89730000
89760000
89790000
89820000
89850000
89880000
89910000
89940000
89970000
90000000
90030000
90060000
90090000
90120000
90150000
90180000
90210000
90240000
90270000
90300000
90330000
90360000
90390000
90420000
90450000
90480000
90510000
90540000
90570000
90600000
90630000
90660000
90690000
90720000
90750000
90780000
90810000
90840000
90870000
90900000
90930000
90960000
90990000
91020000
91050000
91080000
91110000
91140000
91170000
91200000
91230000
91260000
91290000
91320000
91350000
91380000
91410000
91440000
91470000
91500000
91530000
91560000
91590000
91620000
91650000
91680000
91710000
91740000
91770000
91800000
91830000
91860000
91890000
91920000
91950000
91980000
92010000
92040000
92070000
92100000
92130000
92160000
92190000
92220000
92250000
92280000
92310000
92340000
92370000
92400000
92430000
92460000
92490000
92520000
92550000
92580000
92610000
92640000
92670000
92700000
92730000
92760000
92790000
92820000
92850000
92880000
92910000
92940000
92970000
93000000
93030000
93060000
93090000
93120000
93150000
93180000
93210000
93240000
93270000
93300000
93330000
93360000
93390000
93420000
93450000
93480000
93510000
93540000
93570000
93600000
93630000
93660000
93690000
93720000
93750000
93780000
93810000
93840000
93870000
93900000
93930000
93960000
93990000
94020000
94050000
94080000
94110000
94140000
94170000
94200000
94230000
94260000
94290000
94320000
94350000
94380000
94410000
94440000
94470000
94500000
94530000
94560000
94590000
94620000
94650000
94680000
94710000
94740000
94770000
94800000
94830000
94860000
94890000
94920000
94950000
94980000
95010000
95040000
95070000
95100000
95130000
95160000
95190000
95220000
95250000
95280000
95310000
95340000
95370000
95400000
95430000
95460000
95490000
95520000
95550000
95580000
95610000
95640000
95670000
95700000
95730000
95760000
95790000
95820000
95850000
95880000
95910000
95940000
95970000
96000000
96030000
96060000
96090000
96120000
96150000
96180000
96210000
96240000
96270000
96300000
96330000
96360000
96390000
96420000
96450000
96480000
96510000
96540000
96570000
96600000
96630000
96660000
96690000
96720000
96750000
96780000
96810000
96840000
96870000
96900000
96930000
96960000
96990000
97020000
97050000
97080000
97110000
97140000
97170000
97200000
97230000
97260000
97290000
97320000
97350000
97380000
97410000
97440000
97470000
97500000
97530000
97560000
97590000
97620000
97650000
97680000
97710000
97740000
97770000
97800000
97830000
97860000
97890000
97920000
97950000
97980000
98010000
98040000
98070000
98100000
98130000
98160000
98190000
98220000
98250000
98280000
98310000
98340000
98370000
98400000
98430000
98460000
98490000
98520000
98550000
98580000
98610000
98640000
98670000
98700000
98730000
98760000
98790000
98820000
98850000
98880000
98910000
98940000
98970000
99000000
99030000
99060000
99090000
99120000
99150000
99180000
99210000
99240000
99270000
99300000
99330000
99360000
99390000
99420000
99450000
99480000
99510000
99540000
99570000
99600000
99630000
99660000
99690000
99720000
99750000
99780000
99810000
99840000
99870000
99900000
99930000
99960000
99990000
100020000
100050000
100080000
100110000
100140000
100170000
100200000
100230000
100260000
100290000
100320000
100350000
100380000
100410000
100440000
100470000
100500000
100530000
100560000
100590000
100620000
100650000
100680000
100710000
100740000
100770000
100800000
100830000
100860000
100890000
100920000
100950000
100980000
101010000
101040000
101070000
101100000
101130000
101160000
101190000
101220000
101250000
101280000
101310000
101340000
101370000
101400000
101430000
101460000
101490000
101520000
101550000
101580000
101610000
101640000
101670000
101700000
101730000
101760000
101790000
101820000
101850000
101880000
101910000
101940000
101970000
102000000
102030000
102060000
102090000
102120000
102150000
102180000
102210000
102240000
102270000
102300000
102330000
102360000
102390000
102420000
102450000
102480000
102510000
102540000
102570000
102600000
102630000
102660000
102690000
102720000
102750000
102780000
102810000
102840000
102870000
102900000
102930000
102960000
102990000
103020000
103050000
103080000
103110000
103140000
103170000
103200000
103230000
103260000
103290000
103320000
103350000
103380000
103410000
103440000
103470000
103500000
103530000
103560000
103590000
103620000
103650000
103680000
103710000
103740000
103770000
103800000
103830000
103860000
103890000
103920000
103950000
103980000
104010000
104040000
104070000
104100000
104130000
104160000
104190000
104220000
104250000
104280000
104310000
104340000
104370000
104400000
104430000
104460000
104490000
104520000
104550000
104580000
104610000
104640000
104670000
104700000
104730000
104760000
104790000
104820000
104850000
104880000
104910000
104940000
104970000
105000000
105030000
105060000
105090000
105120000
105150000
105180000
105210000
105240000
105270000
105300000
105330000
105360000
105390000
105420000
105450000
105480000
105510000
105540000
105570000
105600000
105630000
105660000
105690000
105720000
105750000
105780000
105810000
105840000
105870000
105900000
105930000
105960000
105990000
106020000
106050000
106080000
106110000
106140000
106170000
106200000
106230000
106260000
106290000
106320000
106350000
106380000
106410000
106440000
106470000
106500000
106530000
106560000
106590000
106620000
106650000
106680000
106710000
106740000
106770000
106800000
106830000
106860000
106890000
106920000
106950000
106980000
107010000
107040000
107070000
107100000
107130000
107160000
107190000
107220000
107250000
107280000
107310000
107340000
107370000
107400000
107430000
107460000
107490000
107520000
107550000
107580000
107610000
107640000
107670000
107700000
107730000
107760000
107790000
107820000
107850000
107880000
107910000
107940000
107970000
108000000
108030000
108060000
108090000
108120000
108150000
108180000
108210000
108240000
108270000
108300000
108330000
108360000
108390000
108420000
108450000
108480000
108510000
108540000
108570000
108600000
108630000
108660000
108690000
108720000
108750000
108780000
108810000
108840000
108870000
108900000
108930000
108960000
108990000
109020000
109050000
109080000
109110000
109140000
109170000
109200000
109230000
109260000
109290000
109320000
109350000
109380000
109410000
109440000
109470000
109500000
109530000
109560000
109590000
109620000
109650000
109680000
109710000
109740000
109770000
109800000
109830000
109860000
109890000
109920000
109950000
109980000
110010000
110040000
110070000
110100000
110130000
110160000
110190000
110220000
110250000
110280000
110310000
110340000
110370000
110400000
110430000
110460000
110490000
110520000
110550000
110580000
110610000
110640000
110670000
110700000
110730000
110760000
110790000
110820000
110850000
110880000
110910000
110940000
110970000
111000000
111030000
111060000
111090000
111120000
111150000
111180000
111210000
111240000
111270000
111300000
111330000
111360000
111390000
111420000
111450000
111480000
111510000
111540000
111570000
111600000
111630000
111660000
111690000
111720000
111750000
111780000
111810000
111840000
111870000
111900000
111930000
111960000
111990000
112020000
112050000
112080000
112110000
112140000
112170000
112200000
112230000
112260000
112290000
112320000
112350000
112380000
112410000
112440000
112470000
112500000
112530000
112560000
112590000
112620000
112650000
112680000
112710000
112740000
112770000
112800000
112830000
112860000
112890000
112920000
112950000
112980000
113010000
113040000
113070000
113100000
113130000
113160000
113190000
113220000
113250000
113280000
113310000
113340000
113370000
113400000
113430000
113460000
113490000
113520000
113550000
113580000
113610000
113640000
113670000
113700000
113730000
113760000
113790000
113820000
113850000
113880000
113910000
113940000
113970000
114000000
114030000
114060000
114090000
114120000
114150000
114180000
114210000
114240000
114270000
114300000
114330000
114360000
114390000
114420000
114450000
114480000
114510000
114540000
114570000
114600000
114630000
114660000
114690000
114720000
114750000
114780000
114810000
114840000
114870000
114900000
114930000
114960000
114990000
115020000
115050000
115080000
115110000
115140000
115170000
115200000
115230000
115260000
115290000
115320000
115350000
115380000
115410000
115440000
115470000
115500000
115530000
115560000
115590000
115620000
115650000
115680000
115710000
115740000
115770000
115800000
115830000
115860000
115890000
115920000
115950000
115980000
116010000
116040000
116070000
116100000
116130000
116160000
116190000
116220000
116250000
116280000
116310000
116340000
116370000
116400000
116430000
116460000
116490000
116520000
116550000
116580000
116610000
116640000
116670000
116700000
116730000
116760000
116790000
116820000
116850000
116880000
116910000
116940000
116970000
117000000
117030000
117060000
117090000
117120000
117150000
117180000
117210000
117240000
117270000
117300000
117330000
117360000
117390000
117420000
117450000
117480000
117510000
117540000
117570000
117600000
117630000
117660000
117690000
117720000
117750000
117780000
117810000
117840000
117870000
117900000
117930000
117960000
117990000
118020000
118050000
118080000
118110000
118140000
118170000
118200000
118230000
118260000
118290000
118320000
118350000
118380000
118410000
118440000
118470000
118500000
118530000
118560000
118590000
118620000
118650000
118680000
118710000
118740000
118770000
118800000
118830000
118860000
118890000
118920000
118950000
118980000
119010000
119040000
119070000
119100000
119130000
119160000
119190000
119220000
119250000
119280000
119310000
119340000
119370000
119400000
119430000
119460000
119490000
119520000
119550000
119580000
119610000
119640000
119670000
119700000
119730000
119760000
119790000
119820000
119850000
119880000
119910000
119940000
119970000
120000000
120030000
120060000
120090000
120120000
120150000
120180000
120210000
120240000
120270000
120300000
120330000
120360000
120390000
120420000
120450000
120480000
120510000
120540000
120570000
120600000
120630000
120660000
120690000
120720000
120750000
120780000
120810000
120840000
120870000
120900000
120930000
120960000
120990000
121020000
121050000
121080000
121110000
121140000
121170000
121200000
121230000
121260000
121290000
121320000
121350000
121380000
121410000
121440000
121470000
121500000
121530000
121560000
121590000
121620000
121650000
121680000
121710000
121740000
121770000
121800000
121830000
121860000
121890000
121920000
121950000
121980000
122010000
122040000
122070000
122100000
122130000
122160000
122190000
122220000
122250000
122280000
122310000
122340000
122370000
122400000
122430000
122460000
122490000
122520000
122550000
122580000
122610000
122640000
122670000
122700000
122730000
122760000
122790000
122820000
122850000
122880000
122910000
122940000
122970000
123000000
123030000
123060000
123090000
123120000
123150000
123180000
123210000
123240000
123270000
123300000
123330000
123360000
123390000
123420000
123450000
123480000
123510000
123540000
123570000
123600000
123630000
123660000
123690000
123720000
123750000
123780000
123810000
123840000
123870000
123900000
123930000
123960000
123990000
124020000
124050000
124080000
124110000
124140000
124170000
124200000
124230000
124260000
124290000
124320000
124350000
124380000
124410000
124440000
124470000
124500000
124530000
124560000
124590000
124620000
124650000
124680000
124710000
124740000
124770000
124800000
124830000
124860000
124890000
124920000
124950000
124980000
125010000
125040000
125070000
125100000
125130000
125160000
125190000
125220000
125250000
125280000
125310000
125340000
125370000
125400000
125430000
125460000
125490000
125520000
125550000
125580000
125610000
125640000
125670000
125700000
125730000
125760000
125790000
125820000
125850000
125880000
125910000
125940000
125970000
126000000
126030000
126060000
126090000
126120000
126150000
126180000
126210000
126240000
126270000
126300000
126330000
126360000
126390000
126420000
126450000
126480000
126510000
126540000
126570000
126600000
126630000
126660000
126690000
126720000
126750000
126780000
126810000
126840000
126870000
126900000
126930000
126960000
126990000
127020000
127050000
127080000
127110000
127140000
127170000
127200000
127230000
127260000
127290000
127320000
127350000
127380000
127410000
127440000
127470000
127500000
127530000
127560000
127590000
127620000
127650000
127680000
127710000
127740000
127770000
127800000
127830000
127860000
127890000
127920000
127950000
127980000
128010000
128040000
128070000
128100000
128130000
128160000
128190000
128220000
128250000
128280000
128310000
128340000
128370000
128400000
128430000
128460000
128490000
128520000
128550000
128580000
128610000
128640000
128670000
128700000
128730000
128760000
128790000
128820000
128850000
128880000
128910000
128940000
128970000
129000000
129030000
129060000
129090000
129120000
129150000
129180000
129210000
129240000
129270000
129300000
129330000
129360000
129390000
129420000
129450000
129480000
129510000
129540000
129570000
129600000
129630000
129660000
129690000
129720000
129750000
129780000
129810000
129840000
129870000
129900000
129930000
129960000
129990000
130020000
130050000
130080000
130110000
130140000
130170000
130200000
130230000
130260000
130290000
130320000
130350000
130380000
130410000
130440000
130470000
130500000
130530000
130560000
130590000
130620000
130650000
130680000
130710000
130740000
130770000
130800000
130830000
130860000
130890000
130920000
130950000
130980000
131010000
131040000
131070000
131100000
131130000
131160000
131190000
131220000
131250000
131280000
131310000
131340000
131370000
131400000
131430000
131460000
131490000
131520000
131550000
131580000
131610000
131640000
131670000
131700000
131730000
131760000
131790000
131820000
131850000
131880000
131910000
131940000
131970000
132000000
132030000
132060000
132090000
132120000
132150000
132180000
132210000
132240000
132270000
132300000
132330000
132360000
132390000
132420000
132450000
132480000
132510000
132540000
132570000
132600000
132630000
132660000
132690000
132720000
132750000
132780000
132810000
132840000
132870000
132900000
132930000
132960000
132990000
133020000
133050000
133080000
133110000
133140000
133170000
133200000
133230000
133260000
133290000
133320000
133350000
133380000
133410000
133440000
133470000
133500000
133530000
133560000
133590000
133620000
133650000
133680000
133710000
133740000
133770000
133800000
133830000
133860000
133890000
133920000
133950000
133980000
134010000
134040000
134070000
134100000
134130000
134160000
134190000
134220000
134250000
134280000
134310000
134340000
134370000
134400000
134430000
134460000
134490000
134520000
134550000
134580000
134610000
134640000
134670000
134700000
134730000
134760000
134790000
134820000
134850000
134880000
134910000
134940000
134970000
135000000
135030000
135060000
135090000
135120000
135150000
135180000
135210000
135240000
135270000
135300000
135330000
135360000
135390000
135420000
135450000
135480000
135510000
135540000
135570000
135600000
135630000
135660000
135690000
135720000
135750000
135780000
135810000
135840000
135870000
135900000
135930000
135960000
135990000
136020000
136050000
136080000
136110000
136140000
136170000
136200000
136230000
136260000
136290000
136320000
136350000
136380000
136410000
136440000
136470000
136500000
136530000
136560000
136590000
136620000
136650000
136680000
136710000
136740000
136770000
136800000
136830000
136860000
136890000
136920000
136950000
136980000
137010000
137040000
137070000
137100000
137130000
137160000
137190000
137220000
137250000
137280000
137310000
137340000
137370000
137400000
137430000
137460000
137490000
137520000
137550000
137580000
137610000
137640000
137670000
137700000
137730000
137760000
137790000
137820000
137850000
137880000
137910000
137940000
137970000
138000000
138030000
138060000
138090000
138120000
138150000
138180000
138210000
138240000
138270000
138300000
138330000
138360000
138390000
138420000
138450000
138480000
138510000
138540000
138570000
138600000
138630000
138660000
138690000
138720000
138750000
138780000
138810000
138840000
138870000
138900000
138930000
138960000
138990000
139020000
139050000
139080000
139110000
139140000
139170000
139200000
139230000
139260000
139290000
139320000
139350000
139380000
139410000
139440000
139470000
139500000
139530000
139560000
139590000
139620000
139650000
139680000
139710000
139740000
139770000
139800000
139830000
139860000
139890000
139920000
139950000
139980000
140010000
140040000
140070000
140100000
140130000
140160000
140190000
140220000
140250000
140280000
140310000
140340000
140370000
140400000
140430000
140460000
140490000
140520000
140550000
140580000
140610000
140640000
140670000
140700000
140730000
140760000
140790000
140820000
140850000
140880000
140910000
140940000
140970000
141000000
141030000
141060000
141090000
141120000
141150000
141180000
141210000
141240000
141270000
141300000
141330000
141360000
141390000
141420000
141450000
141480000
141510000
141540000
141570000
141600000
141630000
141660000
141690000
141720000
141750000
141780000
141810000
141840000
141870000
141900000
141930000
141960000
141990000
142020000
142050000
142080000
142110000
142140000
142170000
142200000
142230000
142260000
142290000
142320000
142350000
142380000
142410000
142440000
142470000
142500000
142530000
142560000
142590000
142620000
142650000
142680000
142710000
142740000
142770000
142800000
142830000
142860000
142890000
142920000
142950000
142980000
143010000
143040000
143070000
143100000
143130000
143160000
143190000
143220000
143250000
143280000
143310000
143340000
143370000
143400000
143430000
143460000
143490000
143520000
143550000
143580000
143610000
143640000
143670000
143700000
143730000
143760000
143790000
143820000
143850000
143880000
143910000
143940000
143970000
144000000
144030000
144060000
144090000
144120000
144150000
144180000
144210000
144240000
144270000
144300000
144330000
144360000
144390000
144420000
144450000
144480000
144510000
144540000
144570000
144600000
144630000
144660000
144690000
144720000
144750000
144780000
144810000
144840000
144870000
144900000
144930000
144960000
144990000
145020000
145050000
145080000
145110000
145140000
145170000
145200000
145230000
145260000
145290000
145320000
145350000
145380000
145410000
145440000
145470000
145500000
145530000
145560000
145590000
145620000
145650000
145680000
145710000
145740000
145770000
145800000
145830000
145860000
145890000
145920000
145950000
145980000
146010000
146040000
146070000
146100000
146130000
146160000
146190000
146220000
146250000
146280000
146310000
146340000
146370000
146400000
146430000
146460000
146490000
146520000
146550000
146580000
146610000
146640000
146670000
146700000
146730000
146760000
146790000
146820000
146850000
146880000
146910000
146940000
146970000
147000000
147030000
147060000
147090000
147120000
147150000
147180000
147210000
147240000
147270000
147300000
147330000
147360000
147390000
147420000
147450000
147480000
147510000
147540000
147570000
147600000
147630000
147660000
147690000
147720000
147750000
147780000
147810000
147840000
147870000
147900000
147930000
147960000
147990000
148020000
148050000
148080000
148110000
148140000
148170000
148200000
148230000
148260000
148290000
148320000
148350000
148380000
148410000
148440000
148470000
148500000
148530000
148560000
148590000
148620000
148650000
148680000
148710000
148740000
148770000
148800000
148830000
148860000
148890000
148920000
148950000
148980000
149010000
149040000
149070000
149100000
149130000
149160000
149190000
149220000
149250000
149280000
149310000
149340000
149370000
149400000
149430000
149460000
149490000
149520000
149550000
149580000
149610000
149640000
149670000
149700000
149730000
149760000
149790000
149820000
149850000
149880000
149910000
149940000
149970000
150000000
150030000
150060000
150090000
150120000
150150000
150180000
150210000
150240000
150270000
150300000
150330000
150360000
150390000
150420000
150450000
150480000
150510000
150540000
150570000
150600000
150630000
150660000
150690000
150720000
150750000
150780000
150810000
150840000
150870000
150900000
150930000
150960000
150990000
151020000
151050000
151080000
151110000
151140000
151170000
151200000
151230000
151260000
151290000
151320000
151350000
151380000
151410000
151440000
151470000
151500000
151530000
151560000
151590000
151620000
151650000
151680000
151710000
151740000
151770000
151800000
151830000
151860000
151890000
151920000
151950000
151980000
152010000
152040000
152070000
152100000
152130000
152160000
152190000
152220000
152250000
152280000
152310000
152340000
152370000
152400000
152430000
152460000
152490000
152520000
152550000
152580000
152610000
152640000
152670000
152700000
152730000
152760000
152790000
152820000
152850000
152880000
152910000
152940000
152970000
153000000
153030000
153060000
153090000
153120000
153150000
153180000
153210000
153240000
153270000
153300000
153330000
153360000
153390000
153420000
153450000
153480000
153510000
153540000
153570000
153600000
153630000
153660000
153690000
153720000
153750000
153780000
153810000
153840000
153870000
153900000
153930000
153960000
153990000
154020000
154050000
154080000
154110000
154140000
154170000
154200000
154230000
154260000
154290000
154320000
154350000
154380000
154410000
154440000
154470000
154500000
154530000
154560000
154590000
154620000
154650000
154680000
154710000
154740000
154770000
154800000
154830000
154860000
154890000
154920000
154950000
154980000
155010000
155040000
155070000
155100000
155130000
155160000
155190000
155220000
155250000
155280000
155310000
155340000
155370000
155400000
155430000
155460000
155490000
155520000
155550000
155580000
155610000
155640000
155670000
155700000
155730000
155760000
155790000
155820000
155850000
155880000
155910000
155940000
155970000
156000000
156030000
156060000
156090000
156120000
156150000
156180000
156210000
156240000
156270000
156300000
156330000
156360000
156390000
156420000
156450000
156480000
156510000
156540000
156570000
156600000
156630000
156660000
156690000
156720000
156750000
156780000
156810000
156840000
156870000
156900000
156930000
156960000
156990000
157020000
157050000
157080000
157110000
157140000
157170000
157200000
157230000
157260000
157290000
157320000
157350000
157380000
157410000
157440000
157470000
157500000
157530000
157560000
157590000
157620000
157650000
157680000
157710000
157740000
157770000
157800000
157830000
157860000
157890000
157920000
157950000
157980000
158010000
158040000
158070000
158100000
158130000
158160000
158190000
158220000
158250000
158280000
158310000
158340000
158370000
158400000
158430000
158460000
158490000
158520000
158550000
158580000
158610000
158640000
158670000
158700000
158730000
158760000
158790000
158820000
158850000
158880000
158910000
158940000
158970000
159000000
159030000
159060000
159090000
159120000
159150000
159180000
159210000
159240000
159270000
159300000
159330000
159360000
159390000
159420000
159450000
159480000
159510000
159540000
159570000
159600000
159630000
159660000
159690000
159720000
159750000
159780000
159810000
159840000
159870000
159900000
159930000
159960000
159990000
160020000
160050000
160080000
160110000
160140000
160170000
160200000
160230000
160260000
160290000
160320000
160350000
160380000
160410000
160440000
160470000
160500000
160530000
160560000
160590000
160620000
160650000
160680000
160710000
160740000
160770000
160800000
160830000
160860000
160890000
160920000
160950000
160980000
161010000
161040000
161070000
161100000
161130000
161160000
161190000
161220000
161250000
161280000
161310000
161340000
161370000
161400000
161430000
161460000
161490000
161520000
161550000
161580000
161610000
161640000
161670000
161700000
161730000
161760000
161790000
161820000
161850000
161880000
161910000
161940000
161970000
162000000
162030000
162060000
162090000
162120000
162150000
162180000
162210000
162240000
162270000
162300000
162330000
162360000
162390000
162420000
162450000
162480000
162510000
162540000
162570000
162600000
162630000
162660000
162690000
162720000
162750000
162780000
162810000
162840000
162870000
162900000
162930000
162960000
162990000
163020000
163050000
163080000
163110000
163140000
163170000
163200000
163230000
163260000
163290000
163320000
163350000
163380000
163410000
163440000
163470000
163500000
163530000
163560000
163590000
163620000
163650000
163680000
163710000
163740000
163770000
163800000
163830000
163860000
163890000
163920000
163950000
163980000
164010000
164040000
164070000
164100000
164130000
164160000
164190000
164220000
164250000
164280000
164310000
164340000
164370000
164400000
164430000
164460000
164490000
164520000
164550000
164580000
164610000
164640000
164670000
164700000
164730000
164760000
164790000
164820000
164850000
164880000
164910000
164940000
164970000
165000000
165030000
165060000
165090000
165120000
165150000
165180000
165210000
165240000
165270000
165300000
165330000
165360000
165390000
165420000
165450000
165480000
165510000
165540000
165570000
165600000
165630000
165660000
165690000
165720000
165750000
165780000
165810000
165840000
165870000
165900000
165930000
165960000
165990000
166020000
166050000
166080000
166110000
166140000
166170000
166200000
166230000
166260000
166290000
166320000
166350000
166380000
166410000
166440000
166470000
166500000
166530000
166560000
166590000
166620000
166650000
166680000
166710000
166740000
166770000
166800000
166830000
166860000
166890000
166920000
166950000
166980000
167010000
167040000
167070000
167100000
167130000
167160000
167190000
167220000
167250000
167280000
167310000
167340000
167370000
167400000
167430000
167460000
167490000
167520000
167550000
167580000
167610000
167640000
167670000
167700000
167730000
167760000
167790000
167820000
167850000
167880000
167910000
167940000
167970000
168000000
168030000
168060000
168090000
168120000
168150000
168180000
168210000
168240000
168270000
168300000
168330000
168360000
168390000
168420000
168450000
168480000
168510000
168540000
168570000
168600000
168630000
168660000
168690000
168720000
168750000
168780000
168810000
168840000
168870000
168900000
168930000
168960000
168990000
169020000
169050000
169080000
169110000
169140000
169170000
169200000
169230000
169260000
169290000
169320000
169350000
169380000
169410000
169440000
169470000
169500000
169530000
169560000
169590000
169620000
169650000
169680000
169710000
169740000
169770000
169800000
169830000
169860000
169890000
169920000
169950000
169980000
170010000
170040000
170070000
170100000
170130000
170160000
170190000
170220000
170250000
170280000
170310000
170340000
170370000
170400000
170430000
170460000
170490000
170520000
170550000
170580000
170610000
170640000
170670000
170700000
170730000
170760000
170790000
170820000
170850000
170880000
170910000
170940000
170970000
171000000
171030000
171060000
171090000
171120000
171150000
171180000
171210000
171240000
171270000
171300000
171330000
171360000
171390000
171420000
171450000
171480000
171510000
171540000
171570000
171600000
171630000
171660000
171690000
171720000
171750000
171780000
171810000
171840000
171870000
171900000
171930000
171960000
171990000
172020000
172050000
172080000
172110000
172140000
172170000
172200000
172230000
172260000
172290000
172320000
172350000
172380000
172410000
172440000
172470000
172500000
172530000
172560000
172590000
172620000
172650000
172680000
172710000
172740000
172770000
172800000
172830000
172860000
172890000
172920000
172950000
172980000
173010000
173040000
173070000
173100000
173130000
173160000
173190000
173220000
173250000
173280000
173310000
173340000
173370000
173400000
173430000
173460000
173490000
173520000
173550000
173580000
173610000
173640000
173670000
173700000
173730000
173760000
173790000
173820000
173850000
173880000
173910000
173940000
173970000
174000000
174030000
174060000
174090000
174120000
174150000
174180000
174210000
174240000
174270000
174300000
174330000
174360000
174390000
174420000
174450000
174480000
174510000
174540000
174570000
174600000
174630000
174660000
174690000
174720000
174750000
174780000
174810000
174840000
174870000
174900000
174930000
174960000
174990000
175020000
175050000
175080000
175110000
175140000
175170000
175200000
175230000
175260000
175290000
175320000
175350000
175380000
175410000
175440000
175470000
175500000
175530000
175560000
175590000
175620000
175650000
175680000
175710000
175740000
175770000
175800000
175830000
175860000
175890000
175920000
175950000
175980000
176010000
176040000
176070000
176100000
176130000
176160000
176190000
176220000
176250000
176280000
176310000
176340000
176370000
176400000
176430000
176460000
176490000
176520000
176550000
176580000
176610000
176640000
176670000
176700000
176730000
176760000
176790000
176820000
176850000
176880000
176910000
176940000
176970000
177000000
177030000
177060000
177090000
177120000
177150000
177180000
177210000
177240000
177270000
177300000
177330000
177360000
177390000
177420000
177450000
177480000
177510000
177540000
177570000
177600000
177630000
177660000
177690000
177720000
177750000
177780000
177810000
177840000
177870000
177900000
177930000
177960000
177990000
178020000
178050000
178080000
178110000
178140000
178170000
178200000
178230000
178260000
178290000
178320000
178350000
178380000
178410000
178440000
178470000
178500000
178530000
178560000
178590000
178620000
178650000
178680000
178710000
178740000
178770000
178800000
178830000
178860000
178890000
178920000
178950000
178980000
179010000
179040000
179070000
179100000
179130000
179160000
179190000
179220000
179250000
179280000
179310000
179340000
179370000
179400000
179430000
179460000
179490000
179520000
179550000
179580000
179610000
179640000
179670000
179700000
179730000
179760000
179790000
179820000
179850000
179880000
179910000
179940000
179970000
180000000
180030000
180060000
180090000
180120000
180150000
180180000
180210000
180240000
180270000
180300000
180330000
180360000
180390000
180420000
180450000
180480000
180510000
180540000
180570000
180600000
180630000
180660000
180690000
180720000
180750000
180780000
180810000
180840000
180870000
180900000
180930000
180960000
180990000
181020000
181050000
181080000
181110000
181140000
181170000
181200000
181230000
181260000
181290000
181320000
181350000
181380000
181410000
181440000
181470000
181500000
181530000
181560000
181590000
181620000
181650000
181680000
181710000
181740000
181770000
181800000
181830000
181860000
181890000
181920000
181950000
181980000
182010000
182040000
182070000
182100000
182130000
182160000
182190000
182220000
182250000
182280000
182310000
182340000
182370000
182400000
182430000
182460000
182490000
182520000
182550000
182580000
182610000
182640000
182670000
182700000
182730000
182760000
182790000
182820000
182850000
182880000
182910000
182940000
182970000
183000000
183030000
183060000
183090000
183120000
183150000
183180000
183210000
183240000
183270000
183300000
183330000
183360000
183390000
183420000
183450000
183480000
183510000
183540000
183570000
183600000
183630000
183660000
183690000
183720000
183750000
183780000
183810000
183840000
183870000
183900000
183930000
183960000
183990000
184020000
184050000
184080000
184110000
184140000
184170000
184200000
184230000
184260000
184290000
184320000
184350000
184380000
184410000
184440000
184470000
184500000
184530000
184560000
184590000
184620000
184650000
184680000
184710000
184740000
184770000
184800000
184830000
184860000
184890000
184920000
184950000
184980000
185010000
185040000
185070000
185100000
185130000
185160000
185190000
185220000
185250000
185280000
185310000
185340000
185370000
185400000
185430000
185460000
185490000
185520000
185550000
185580000
185610000
185640000
185670000
185700000
185730000
185760000
185790000
185820000
185850000
185880000
185910000
185940000
185970000
186000000
186030000
186060000
186090000
186120000
186150000
186180000
186210000
186240000
186270000
186300000
186330000
186360000
186390000
186420000
186450000
186480000
186510000
186540000
186570000
186600000
186630000
186660000
186690000
186720000
186750000
186780000
186810000
186840000
186870000
186900000
186930000
186960000
186990000
187020000
187050000
187080000
187110000
187140000
187170000
187200000
187230000
187260000
187290000
187320000
187350000
187380000
187410000
187440000
187470000
187500000
187530000
187560000
187590000
187620000
187650000
187680000
187710000
187740000
187770000
187800000
187830000
187860000
187890000
187920000
187950000
187980000
188010000
188040000
188070000
188100000
188130000
188160000
188190000
188220000
188250000
188280000
188310000
188340000
188370000
188400000
188430000
188460000
188490000
188520000
188550000
188580000
188610000
188640000
188670000
188700000
188730000
188760000
188790000
188820000
188850000
188880000
188910000
188940000
188970000
189000000
189030000
189060000
189090000
189120000
189150000
189180000
189210000
189240000
189270000
189300000
189330000
189360000
189390000
189420000
189450000
189480000
189510000
189540000
189570000
189600000
189630000
189660000
189690000
189720000
189750000
189780000
189810000
189840000
189870000
189900000
189930000
189960000
189990000
190020000
190050000
190080000
190110000
190140000
190170000
190200000
190230000
190260000
190290000
190320000
190350000
190380000
190410000
190440000
190470000
190500000
190530000
190560000
190590000
190620000
190650000
190680000
190710000
190740000
190770000
190800000
190830000
190860000
190890000
190920000
190950000
190980000
191010000
191040000
191070000
191100000
191130000
191160000
191190000
191220000
191250000
191280000
191310000
191340000
191370000
191400000
191430000
191460000
191490000
191520000
191550000
191580000
191610000
191640000
191670000
191700000
191730000
191760000
191790000
191820000
191850000
191880000
191910000
191940000
191970000
192000000
192030000
192060000
192090000
192120000
192150000
192180000
192210000
192240000
192270000
192300000
192330000
192360000
192390000
192420000
192450000
192480000
192510000
192540000
192570000
192600000
192630000
192660000
192690000
192720000
192750000
192780000
192810000
192840000
192870000
192900000
192930000
192960000
192990000
193020000
193050000
193080000
193110000
193140000
193170000
193200000
193230000
193260000
193290000
193320000
193350000
193380000
193410000
193440000
193470000
193500000
193530000
193560000
193590000
193620000
193650000
193680000
193710000
193740000
193770000
193800000
193830000
193860000
193890000
193920000
193950000
193980000
194010000
194040000
194070000
194100000
194130000
194160000
194190000
194220000
194250000
194280000
194310000
194340000
194370000
194400000
194430000
194460000
194490000
194520000
194550000
194580000
194610000
194640000
194670000
194700000
194730000
194760000
194790000
194820000
194850000
194880000
194910000
194940000
194970000
195000000
195030000
195060000
195090000
195120000
195150000
195180000
195210000
195240000
195270000
195300000
195330000
195360000
195390000
195420000
195450000
195480000
195510000
195540000
195570000
195600000
195630000
195660000
195690000
195720000
195750000
195780000
195810000
195840000
195870000
195900000
195930000
195960000
195990000
196020000
196050000
196080000
196110000
196140000
196170000
196200000
196230000
196260000
196290000
196320000
196350000
196380000
196410000
196440000
196470000
196500000
196530000
196560000
196590000
196620000
196650000
196680000
196710000
196740000
196770000
196800000
196830000
196860000
196890000
196920000
196950000
196980000
197010000
197040000
197070000
197100000
197130000
197160000
197190000
197220000
197250000
197280000
197310000
197340000
197370000
197400000
197430000
197460000
197490000
197520000
197550000
197580000
197610000
197640000
197670000
197700000
197730000
197760000
197790000
197820000
197850000
197880000
197910000
197940000
197970000
198000000
198030000
198060000
198090000
198120000
198150000
198180000
198210000
198240000
198270000
198300000
198330000
198360000
198390000
198420000
198450000
198480000
198510000
198540000
198570000
198600000
198630000
198660000
198690000
198720000
198750000
198780000
198810000
198840000
198870000
198900000
198930000
198960000
198990000
199020000
199050000
199080000
199110000
199140000
199170000
199200000
199230000
199260000
199290000
199320000
199350000
199380000
199410000
199440000
199470000
199500000
199530000
199560000
199590000
199620000
199650000
199680000
199710000
199740000
199770000
199800000
199830000
199860000
199890000
199920000
199950000
199980000
200010000
200040000
200070000
200100000
200130000
200160000
200190000
200220000
200250000
200280000
200310000
200340000
200370000
200400000
200430000
200460000
200490000
200520000
200550000
200580000
200610000
200640000
200670000
200700000
200730000
200760000
200790000
200820000
200850000
200880000
200910000
200940000
200970000
201000000
201030000
201060000
201090000
201120000
201150000
201180000
201210000
201240000
201270000
201300000
201330000
201360000
201390000
201420000
201450000
201480000
201510000
201540000
201570000
201600000
201630000
201660000
201690000
201720000
201750000
201780000
201810000
201840000
201870000
201900000
201930000
201960000
201990000
202020000
202050000
202080000
202110000
202140000
202170000
202200000
202230000
202260000
202290000
202320000
202350000
202380000
202410000
202440000
202470000
202500000
202530000
202560000
202590000
202620000
202650000
202680000
202710000
202740000
202770000
202800000
202830000
202860000
202890000
202920000
202950000
202980000
203010000
203040000
203070000
203100000
203130000
203160000
203190000
203220000
203250000
203280000
203310000
203340000
203370000
203400000
203430000
203460000
203490000
203520000
203550000
203580000
203610000
203640000
203670000
203700000
203730000
203760000
203790000
203820000
203850000
203880000
203910000
203940000
203970000
204000000
204030000
204060000
204090000
204120000
204150000
204180000
204210000
204240000
204270000
204300000
204330000
204360000
204390000
204420000
204450000
204480000
204510000
204540000
204570000
204600000
204630000
204660000
204690000
204720000
204750000
204780000
204810000
204840000
204870000
204900000
204930000
204960000
204990000
205020000
205050000
205080000
205110000
205140000
205170000
205200000
205230000
205260000
205290000
205320000
205350000
205380000
205410000
205440000
205470000
205500000
205530000
205560000
205590000
205620000
205650000
205680000
205710000
205740000
205770000
205800000
205830000
205860000
205890000
205920000
205950000
205980000
206010000
206040000
206070000
206100000
206130000
206160000
206190000
206220000
206250000
206280000
206310000
206340000
206370000
206400000
206430000
206460000
206490000
206520000
206550000
206580000
206610000
206640000
206670000
206700000
206730000
206760000
206790000
206820000
206850000
206880000
206910000
206940000
206970000
207000000
207030000
207060000
207090000
207120000
207150000
207180000
207210000
207240000
207270000
207300000
207330000
207360000
207390000
207420000
207450000
207480000
207510000
207540000
207570000
207600000
207630000
207660000
207690000
207720000
207750000
207780000
207810000
207840000
207870000
207900000
207930000
207960000
207990000
208020000
208050000
208080000
208110000
208140000
208170000
208200000
208230000
208260000
208290000
208320000
208350000
208380000
208410000
208440000
208470000
208500000
208530000
208560000
208590000
208620000
208650000
208680000
208710000
208740000
208770000
208800000
208830000
208860000
208890000
208920000
208950000
208980000
209010000
209040000
209070000
209100000
209130000
209160000
209190000
209220000
209250000
209280000
209310000
209340000
209370000
209400000
209430000
209460000
209490000
209520000
209550000
209580000
209610000
209640000
209670000
209700000
209730000
209760000
209790000
209820000
209850000
209880000
209910000
209940000
209970000
210000000
210030000
210060000
210090000
210120000
210150000
210180000
210210000
210240000
210270000
210300000
210330000
210360000
210390000
210420000
210450000
210480000
210510000
210540000
210570000
210600000
210630000
210660000
210690000
210720000
210750000
210780000
210810000
210840000
210870000
210900000
210930000
210960000
210990000
211020000
211050000
211080000
211110000
211140000
211170000
211200000
211230000
211260000
211290000
211320000
211350000
211380000
211410000
211440000
211470000
211500000
211530000
211560000
211590000
211620000
211650000
211680000
211710000
211740000
211770000
211800000
211830000
211860000
211890000
211920000
211950000
211980000
212010000
212040000
212070000
212100000
212130000
212160000
212190000
212220000
212250000
212280000
212310000
212340000
212370000
212400000
212430000
212460000
212490000
212520000
212550000
212580000
212610000
212640000
212670000
212700000
212730000
212760000
212790000
212820000
212850000
212880000
212910000
212940000
212970000
213000000
213030000
213060000
213090000
213120000
213150000
213180000
213210000
213240000
213270000
213300000
213330000
213360000
213390000
213420000
213450000
213480000
213510000
213540000
213570000
213600000
213630000
213660000
213690000
213720000
213750000
213780000
213810000
213840000
213870000
213900000
213930000
213960000
213990000
214020000
214050000
214080000
214110000
214140000
214170000
214200000
214230000
214260000
214290000
214320000
214350000
214380000
214410000
214440000
214470000
214500000
214530000
214560000
214590000
214620000
214650000
214680000
214710000
214740000
214770000
214800000
214830000
214860000
214890000
214920000
214950000
214980000
215010000
215040000
215070000
215100000
215130000
215160000
215190000
215220000
215250000
215280000
215310000
215340000
215370000
215400000
215430000
215460000
215490000
215520000
215550000
215580000
215610000
215640000
215670000
215700000
215730000
215760000
215790000
215820000
215850000
215880000
215910000
215940000
215970000
216000000
216030000
216060000
216090000
216120000
216150000
216180000
216210000
216240000
216270000
216300000
216330000
216360000
216390000
216420000
216450000
216480000
216510000
216540000
216570000
216600000
216630000
216660000
216690000
216720000
216750000
216780000
216810000
216840000
216870000
216900000
216930000
216960000
216990000
217020000
217050000
217080000
217110000
217140000
217170000
217200000
217230000
217260000
217290000
217320000
217350000
217380000
217410000
217440000
217470000
217500000
217530000
217560000
217590000
217620000
217650000
217680000
217710000
217740000
217770000
217800000
217830000
217860000
217890000
217920000
217950000
217980000
218010000
218040000
218070000
218100000
218130000
218160000
218190000
218220000
218250000
218280000
218310000
218340000
218370000
218400000
218430000
218460000
218490000
218520000
218550000
218580000
218610000
218640000
218670000
218700000
218730000
218760000
218790000
218820000
218850000
218880000
218910000
218940000
218970000
219000000
219030000
219060000
219090000
219120000
219150000
219180000
219210000
219240000
219270000
219300000
219330000
219360000
219390000
219420000
219450000
219480000
219510000
219540000
219570000
219600000
219630000
219660000
219690000
219720000
219750000
219780000
219810000
219840000
219870000
219900000
219930000
219960000
219990000
220020000
220050000
220080000
220110000
220140000
220170000
220200000
220230000
220260000
220290000
220320000
220350000
220380000
220410000
220440000
220470000
220500000
220530000
220560000
220590000
220620000
220650000
220680000
220710000
220740000
220770000
220800000
220830000
220860000
220890000
220920000
220950000
220980000
221010000
221040000
221070000
221100000
221130000
221160000
221190000
221220000
221250000
221280000
221310000
221340000
221370000
221400000
221430000
221460000
221490000
221520000
221550000
221580000
221610000
221640000
221670000
221700000
221730000
221760000
221790000
221820000
221850000
221880000
221910000
221940000
221970000
222000000
222030000
222060000
222090000
222120000
222150000
222180000
222210000
222240000
222270000
222300000
222330000
222360000
222390000
222420000
222450000
222480000
222510000
222540000
222570000
222600000
222630000
222660000
222690000
222720000
222750000
222780000
222810000
222840000
222870000
222900000
222930000
222960000
222990000
223020000
223050000
223080000
223110000
223140000
223170000
223200000
223230000
223260000
223290000
223320000
223350000
223380000
223410000
223440000
223470000
223500000
223530000
223560000
223590000
223620000
223650000
223680000
223710000
223740000
223770000
223800000
223830000
223860000
223890000
223920000
223950000
223980000
224010000
224040000
224070000
224100000
224130000
224160000
224190000
224220000
224250000
224280000
224310000
224340000
224370000
224400000
224430000
224460000
224490000
224520000
224550000
224580000
224610000
224640000
224670000
224700000
224730000
224760000
224790000
224820000
224850000
224880000
224910000
224940000
224970000
225000000
225030000
225060000
225090000
225120000
225150000
225180000
225210000
225240000
225270000
225300000
225330000
225360000
225390000
225420000
225450000
225480000
225510000
225540000
225570000
225600000
225630000
225660000
225690000
225720000
225750000
225780000
225810000
225840000
225870000
225900000
225930000
225960000
225990000
226020000
226050000
226080000
226110000
226140000
226170000
226200000
226230000
226260000
226290000
226320000
226350000
226380000
226410000
226440000
226470000
226500000
226530000
226560000
226590000
226620000
226650000
226680000
226710000
226740000
226770000
226800000
226830000
226860000
226890000
226920000
226950000
226980000
227010000
227040000
227070000
227100000
227130000
227160000
227190000
227220000
227250000
227280000
227310000
227340000
227370000
227400000
227430000
227460000
227490000
227520000
227550000
227580000
227610000
227640000
227670000
227700000
227730000
227760000
227790000
227820000
227850000
227880000
227910000
227940000
227970000
228000000
228030000
228060000
228090000
228120000
228150000
228180000
228210000
228240000
228270000
228300000
228330000
228360000
228390000
228420000
228450000
228480000
228510000
228540000
228570000
228600000
228630000
228660000
228690000
228720000
228750000
228780000
228810000
228840000
228870000
228900000
228930000
228960000
228990000
229020000
229050000
229080000
229110000
229140000
229170000
229200000
229230000
229260000
229290000
229320000
229350000
229380000
229410000
229440000
229470000
229500000
229530000
229560000
229590000
229620000
229650000
229680000
229710000
229740000
229770000
229800000
229830000
229860000
229890000
229920000
229950000
229980000
230010000
230040000
230070000
230100000
230130000
230160000
230190000
230220000
230250000
230280000
230310000
230340000
230370000
230400000
230430000
230460000
230490000
230520000
230550000
230580000
230610000
230640000
230670000
230700000
230730000
230760000
230790000
230820000
230850000
230880000
230910000
230940000
230970000
231000000
231030000
231060000
231090000
231120000
231150000
231180000
231210000
231240000
231270000
231300000
231330000
231360000
231390000
231420000
231450000
231480000
231510000
231540000
231570000
231600000
231630000
231660000
231690000
231720000
231750000
231780000
231810000
231840000
231870000
231900000
231930000
231960000
231990000
232020000
232050000
232080000
232110000
232140000
232170000
232200000
232230000
232260000
232290000
232320000
232350000
232380000
232410000
232440000
232470000
232500000
232530000
232560000
232590000
232620000
232650000
232680000
232710000
232740000
232770000
232800000
232830000
232860000
232890000
232920000
232950000
232980000
233010000
233040000
233070000
233100000
233130000
233160000
233190000
233220000
233250000
233280000
233310000
233340000
233370000
233400000
233430000
233460000
233490000
233520000
233550000
233580000
233610000
233640000
233670000
233700000
233730000
233760000
233790000
233820000
233850000
233880000
233910000
233940000
233970000
234000000
234030000
234060000
234090000
234120000
234150000
234180000
234210000
234240000
234270000
234300000
234330000
234360000
234390000
234420000
234450000
234480000
234510000
234540000
234570000
234600000
234630000
234660000
234690000
234720000
234750000
234780000
234810000
234840000
234870000
234900000
234930000
234960000
234990000
235020000
235050000
235080000
235110000
235140000
235170000
235200000
235230000
235260000
235290000
235320000
235350000
235380000
235410000
235440000
235470000
235500000
235530000
235560000
235590000
235620000
235650000
235680000
235710000
235740000
235770000
235800000
235830000
235860000
235890000
235920000
235950000
235980000
236010000
236040000
236070000
236100000
236130000
236160000
236190000
236220000
236250000
236280000
236310000
236340000
236370000
236400000
236430000
236460000
236490000
236520000
236550000
236580000
236610000
236640000
236670000
236700000
236730000
236760000
236790000
236820000
236850000
236880000
236910000
236940000
236970000
237000000
237030000
237060000
237090000
237120000
237150000
237180000
237210000
237240000
237270000
237300000
237330000
237360000
237390000
237420000
237450000
237480000
237510000
237540000
237570000
237600000
237630000
237660000
237690000
237720000
237750000
237780000
237810000
237840000
237870000
237900000
237930000
237960000
237990000
238020000
238050000
238080000
238110000
238140000
238170000
238200000
238230000
238260000
238290000
238320000
238350000
238380000
238410000
238440000
238470000
238500000
238530000
238560000
238590000
238620000
238650000
238680000
238710000
238740000
238770000
238800000
238830000
238860000
238890000
238920000
238950000
238980000
239010000
239040000
239070000
239100000
239130000
239160000
239190000
239220000
239250000
239280000
239310000
239340000
239370000
239400000
239430000
239460000
239490000
239520000
239550000
239580000
239610000
239640000
239670000
239700000
239730000
239760000
239790000
239820000
239850000
239880000
239910000
239940000
239970000
240000000
240030000
240060000
240090000
240120000
240150000
240180000
240210000
240240000
240270000
240300000
240330000
240360000
240390000
240420000
240450000
240480000
240510000
240540000
240570000
240600000
240630000
240660000
240690000
240720000
240750000
240780000
240810000
240840000
240870000
240900000
240930000
240960000
240990000
241020000
241050000
241080000
241110000
241140000
241170000
241200000
241230000
241260000
241290000
241320000
241350000
241380000
241410000
241440000
241470000
241500000
241530000
241560000
241590000
241620000
241650000
241680000
241710000
241740000
241770000
241800000
241830000
241860000
241890000
241920000
241950000
241980000
242010000
242040000
242070000
242100000
242130000
242160000
242190000
242220000
242250000
242280000
242310000
242340000
242370000
242400000
242430000
242460000
242490000
242520000
242550000
242580000
242610000
242640000
242670000
242700000
242730000
242760000
242790000
242820000
242850000
242880000
242910000
242940000
242970000
243000000
243030000
243060000
243090000
243120000
243150000
243180000
243210000
243240000
243270000
243300000
243330000
243360000
243390000
243420000
243450000
243480000
243510000
243540000
243570000
243600000
243630000
243660000
243690000
243720000
243750000
243780000
243810000
243840000
243870000
243900000
243930000
243960000
243990000
244020000
244050000
244080000
244110000
244140000
244170000
244200000
244230000
244260000
244290000
244320000
244350000
244380000
244410000
244440000
244470000
244500000
244530000
244560000
244590000
244620000
244650000
244680000
244710000
244740000
244770000
244800000
244830000
244860000
244890000
244920000
244950000
244980000
245010000
245040000
245070000
245100000
245130000
245160000
245190000
245220000
245250000
245280000
245310000
245340000
245370000
245400000
245430000
245460000
245490000
245520000
245550000
245580000
245610000
245640000
245670000
245700000
245730000
245760000
245790000
245820000
245850000
245880000
245910000
245940000
245970000
246000000
246030000
246060000
246090000
246120000
246150000
246180000
246210000
246240000
246270000
246300000
246330000
246360000
246390000
246420000
246450000
246480000
246510000
246540000
246570000
246600000
246630000
246660000
246690000
246720000
246750000
246780000
246810000
246840000
246870000
246900000
246930000
246960000
246990000
247020000
247050000
247080000
247110000
247140000
247170000
247200000
247230000
247260000
247290000
247320000
247350000
247380000
247410000
247440000
247470000
247500000
247530000
247560000
247590000
247620000
247650000
247680000
247710000
247740000
247770000
247800000
247830000
247860000
247890000
247920000
247950000
247980000
248010000
248040000
248070000
248100000
248130000
248160000
248190000
248220000
248250000
248280000
248310000
248340000
248370000
248400000
248430000
248460000
248490000
248520000
248550000
248580000
248610000
248640000
248670000
248700000
248730000
248760000
248790000
248820000
248850000
248880000
248910000
248940000
248970000
249000000
249030000
249060000
249090000
249120000
249150000
249180000
249210000
249240000
249270000
249300000
249330000
249360000
249390000
249420000
249450000
249480000
249510000
249540000
249570000
249600000
249630000
249660000
249690000
249720000
249750000
249780000
249810000
249840000
249870000
249900000
249930000
249960000
249990000
250020000
250050000
250080000
250110000
250140000
250170000
250200000
250230000
250260000
250290000
250320000
250350000
250380000
250410000
250440000
250470000
250500000
250530000
250560000
250590000
250620000
250650000
250680000
250710000
250740000
250770000
250800000
250830000
250860000
250890000
250920000
250950000
250980000
251010000
251040000
251070000
251100000
251130000
251160000
251190000
251220000
251250000
251280000
251310000
251340000
251370000
251400000
251430000
251460000
251490000
251520000
251550000
251580000
251610000
251640000
251670000
251700000
251730000
251760000
251790000
251820000
251850000
251880000
251910000
251940000
251970000
252000000
252030000
252060000
252090000
252120000
252150000
252180000
252210000
252240000
252270000
252300000
252330000
252360000
252390000
252420000
252450000
252480000
252510000
252540000
252570000
252600000
252630000
252660000
252690000
252720000
252750000
252780000
252810000
252840000
252870000
252900000
252930000
252960000
252990000
253020000
253050000
253080000
253110000
253140000
253170000
253200000
253230000
253260000
253290000
253320000
253350000
253380000
253410000
253440000
253470000
253500000
253530000
253560000
253590000
253620000
253650000
253680000
253710000
253740000
253770000
253800000
253830000
253860000
253890000
253920000
253950000
253980000
254010000
254040000
254070000
254100000
254130000
254160000
254190000
254220000
254250000
254280000
254310000
254340000
254370000
254400000
254430000
254460000
254490000
254520000
254550000
254580000
254610000
254640000
254670000
254700000
254730000
254760000
254790000
254820000
254850000
254880000
254910000
254940000
254970000
255000000
255030000
255060000
255090000
255120000
255150000
255180000
255210000
255240000
255270000
255300000
255330000
255360000
255390000
255420000
255450000
255480000
255510000
255540000
255570000
255600000
255630000
255660000
255690000
255720000
255750000
255780000
255810000
255840000
255870000
255900000
255930000
255960000
255990000
256020000
256050000
256080000
256110000
256140000
256170000
256200000
256230000
256260000
256290000
256320000
256350000
256380000
256410000
256440000
256470000
256500000
256530000
256560000
256590000
256620000
256650000
256680000
256710000
256740000
256770000
256800000
256830000
256860000
256890000
256920000
256950000
256980000
257010000
257040000
257070000
257100000
257130000
257160000
257190000
257220000
257250000
257280000
257310000
257340000
257370000
257400000
257430000
257460000
257490000
257520000
257550000
257580000
257610000
257640000
257670000
257700000
257730000
257760000
257790000
257820000
257850000
257880000
257910000
257940000
257970000
258000000
258030000
258060000
258090000
258120000
258150000
258180000
258210000
258240000
258270000
258300000
258330000
258360000
258390000
258420000
258450000
258480000
258510000
258540000
258570000
258600000
258630000
258660000
258690000
258720000
258750000
258780000
258810000
258840000
258870000
258900000
258930000
258960000
258990000
259020000
259050000
259080000
259110000
259140000
259170000
259200000
259230000
259260000
259290000
259320000
259350000
259380000
259410000
259440000
259470000
259500000
259530000
259560000
259590000
259620000
259650000
259680000
259710000
259740000
259770000
259800000
259830000
259860000
259890000
259920000
259950000
259980000
260010000
260040000
260070000
260100000
260130000
260160000
260190000
260220000
260250000
260280000
260310000
260340000
260370000
260400000
260430000
260460000
260490000
260520000
260550000
260580000
260610000
260640000
260670000
260700000
260730000
260760000
260790000
260820000
260850000
260880000
260910000
260940000
260970000
261000000
261030000
261060000
261090000
261120000
261150000
261180000
261210000
261240000
261270000
261300000
261330000
261360000
261390000
261420000
261450000
261480000
261510000
261540000
261570000
261600000
261630000
261660000
261690000
261720000
261750000
261780000
261810000
261840000
261870000
261900000
261930000
261960000
261990000
262020000
262050000
262080000
262110000
262140000
262170000
262200000
262230000
262260000
262290000
262320000
262350000
262380000
262410000
262440000
262470000
262500000
262530000
262560000
262590000
262620000
262650000
262680000
262710000
262740000
262770000
262800000
262830000
262860000
262890000
262920000
262950000
262980000
263010000
263040000
263070000
263100000
263130000
263160000
263190000
263220000
263250000
263280000
263310000
263340000
263370000
263400000
263430000
263460000
263490000
263520000
263550000
263580000
263610000
263640000
263670000
263700000
263730000
263760000
263790000
263820000
263850000
263880000
263910000
263940000
263970000
264000000
264030000
264060000
264090000
264120000
264150000
264180000
264210000
264240000
264270000
264300000
264330000
264360000
264390000
264420000
264450000
264480000
264510000
264540000
264570000
264600000
264630000
264660000
264690000
264720000
264750000
264780000
264810000
264840000
264870000
264900000
264930000
264960000
264990000
265020000
265050000
265080000
265110000
265140000
265170000
265200000
265230000
265260000
265290000
265320000
265350000
265380000
265410000
265440000
265470000
265500000
265530000
265560000
265590000
265620000
265650000
265680000
265710000
265740000
265770000
265800000
265830000
265860000
265890000
265920000
265950000
265980000
266010000
266040000
266070000
266100000
266130000
266160000
266190000
266220000
266250000
266280000
266310000
266340000
266370000
266400000
266430000
266460000
266490000
266520000
266550000
266580000
266610000
266640000
266670000
266700000
266730000
266760000
266790000
266820000
266850000
266880000
266910000
266940000
266970000
267000000
267030000
267060000
267090000
267120000
267150000
267180000
267210000
267240000
267270000
267300000
267330000
267360000
267390000
267420000
267450000
267480000
267510000
267540000
267570000
267600000
267630000
267660000
267690000
267720000
267750000
267780000
267810000
267840000
267870000
267900000
267930000
267960000
267990000
268020000
268050000
268080000
268110000
268140000
268170000
268200000
268230000
268260000
268290000
268320000
268350000
268380000
268410000
268440000
268470000
268500000
268530000
268560000
268590000
268620000
268650000
268680000
268710000
268740000
268770000
268800000
268830000
268860000
268890000
268920000
268950000
268980000
269010000
269040000
269070000
269100000
269130000
269160000
269190000
269220000
269250000
269280000
269310000
269340000
269370000
269400000
269430000
269460000
269490000
269520000
269550000
269580000
269610000
269640000
269670000
269700000
269730000
269760000
269790000
269820000
269850000
269880000
269910000
269940000
269970000
270000000
270030000
270060000
270090000
270120000
270150000
270180000
270210000
270240000
270270000
270300000
270330000
270360000
270390000
270420000
270450000
270480000
270510000
270540000
270570000
270600000
270630000
270660000
270690000
270720000
270750000
270780000
270810000
270840000
270870000
270900000
270930000
270960000
270990000
271020000
271050000
271080000
271110000
271140000
271170000
271200000
271230000
271260000
271290000
271320000
271350000
271380000
271410000
271440000
271470000
271500000
271530000
271560000
271590000
271620000
271650000
271680000
271710000
271740000
271770000
271800000
271830000
271860000
271890000
271920000
271950000
271980000
272010000
272040000
272070000
272100000
272130000
272160000
272190000
272220000
272250000
272280000
272310000
272340000
272370000
272400000
272430000
272460000
272490000
272520000
272550000
272580000
272610000
272640000
272670000
272700000
272730000
272760000
272790000
272820000
272850000
272880000
272910000
272940000
272970000
273000000
273030000
273060000
273090000
273120000
273150000
273180000
273210000
273240000
273270000
273300000
273330000
273360000
273390000
273420000
273450000
273480000
273510000
273540000
273570000
273600000
273630000
273660000
273690000
273720000
273750000
273780000
273810000
273840000
273870000
273900000
273930000
273960000
273990000
274020000
274050000
274080000
274110000
274140000
274170000
274200000
274230000
274260000
274290000
274320000
274350000
274380000
274410000
274440000
274470000
274500000
274530000
274560000
274590000
274620000
274650000
274680000
274710000
274740000
274770000
274800000
274830000
274860000
274890000
274920000
274950000
274980000
275010000
275040000
275070000
275100000
275130000
275160000
275190000
275220000
275250000
275280000
275310000
275340000
275370000
275400000
275430000
275460000
275490000
275520000
275550000
275580000
275610000
275640000
275670000
275700000
275730000
275760000
275790000
275820000
275850000
275880000
275910000
275940000
275970000
276000000
276030000
276060000
276090000
276120000
276150000
276180000
276210000
276240000
276270000
276300000
276330000
276360000
276390000
276420000
276450000
276480000
276510000
276540000
276570000
276600000
276630000
276660000
276690000
276720000
276750000
276780000
276810000
276840000
276870000
276900000
276930000
276960000
276990000
277020000
277050000
277080000
277110000
277140000
277170000
277200000
277230000
277260000
277290000
277320000
277350000
277380000
277410000
277440000
277470000
277500000
277530000
277560000
277590000
277620000
277650000
277680000
277710000
277740000
277770000
277800000
277830000
277860000
277890000
277920000
277950000
277980000
278010000
278040000
278070000
278100000
278130000
278160000
278190000
278220000
278250000
278280000
278310000
278340000
278370000
278400000
278430000
278460000
278490000
278520000
278550000
278580000
278610000
278640000
278670000
278700000
278730000
278760000
278790000
278820000
278850000
278880000
278910000
278940000
278970000
279000000
279030000
279060000
279090000
279120000
279150000
279180000
279210000
279240000
279270000
279300000
279330000
279360000
279390000
279420000
279450000
279480000
279510000
279540000
279570000
279600000
279630000
279660000
279690000
279720000
279750000
279780000
279810000
279840000
279870000
279900000
279930000
279960000
279990000
280020000
280050000
280080000
280110000
280140000
280170000
280200000
280230000
280260000
280290000
280320000
280350000
280380000
280410000
280440000
280470000
280500000
280530000
280560000
280590000
280620000
280650000
280680000
280710000
280740000
280770000
280800000
280830000
280860000
280890000
280920000
280950000
280980000
281010000
281040000
281070000
281100000
281130000
281160000
281190000
281220000
281250000
281280000
281310000
281340000
281370000
281400000
281430000
281460000
281490000
281520000
281550000
281580000
281610000
281640000
281670000
281700000
281730000
281760000
281790000
281820000
281850000
281880000
281910000
281940000
281970000
282000000
282030000
282060000
282090000
282120000
282150000
282180000
282210000
282240000
282270000
282300000
282330000
282360000
282390000
282420000
282450000
282480000
282510000
282540000
282570000
282600000
282630000
282660000
282690000
282720000
282750000
282780000
282810000
282840000
282870000
282900000
282930000
282960000
282990000
283020000
283050000
283080000
283110000
283140000
283170000
283200000
283230000
283260000
283290000
283320000
283350000
283380000
283410000
283440000
283470000
283500000
283530000
283560000
283590000
283620000
283650000
283680000
283710000
283740000
283770000
283800000
283830000
283860000
283890000
283920000
283950000
283980000
284010000
284040000
284070000
284100000
284130000
284160000
284190000
284220000
284250000
284280000
284310000
284340000
284370000
284400000
284430000
284460000
284490000
284520000
284550000
284580000
284610000
284640000
284670000
284700000
284730000
284760000
284790000
284820000
284850000
284880000
284910000
284940000
284970000
285000000
285030000
285060000
285090000
285120000
285150000
285180000
285210000
285240000
285270000
285300000
285330000
285360000
285390000
285420000
285450000
285480000
285510000
285540000
285570000
285600000
285630000
285660000
285690000
285720000
285750000
285780000
285810000
285840000
285870000
285900000
285930000
285960000
285990000
286020000
286050000
286080000
286110000
286140000
286170000
286200000
286230000
286260000
286290000
286320000
286350000
286380000
286410000
286440000
286470000
286500000
286530000
286560000
286590000
286620000
286650000
286680000
286710000
286740000
286770000
286800000
286830000
286860000
286890000
286920000
286950000
286980000
287010000
287040000
287070000
287100000
287130000
287160000
287190000
287220000
287250000
287280000
287310000
287340000
287370000
287400000
287430000
287460000
287490000
287520000
287550000
287580000
287610000
287640000
287670000
287700000
287730000
287760000
287790000
287820000
287850000
287880000
287910000
287940000
287970000
288000000
288030000
288060000
288090000
288120000
288150000
288180000
288210000
288240000
288270000
288300000
288330000
288360000
288390000
288420000
288450000
288480000
288510000
288540000
288570000
288600000
288630000
288660000
288690000
288720000
288750000
288780000
288810000
288840000
288870000
288900000
288930000
288960000
288990000
289020000
289050000
289080000
289110000
289140000
289170000
289200000
289230000
289260000
289290000
289320000
289350000
289380000
289410000
289440000
289470000
289500000
289530000
289560000
289590000
289620000
289650000
289680000
289710000
289740000
289770000
289800000
289830000
289860000
289890000
289920000
289950000
289980000
290010000
290040000
290070000
290100000
290130000
290160000
290190000
290220000
290250000
290280000
290310000
290340000
290370000
290400000
290430000
290460000
290490000
290520000
290550000
290580000
290610000
290640000
290670000
290700000
290730000
290760000
290790000
290820000
290850000
290880000
290910000
290940000
290970000
291000000
291030000
291060000
291090000
291120000
291150000
291180000
291210000
291240000
291270000
291300000
291330000
291360000
291390000
291420000
291450000
291480000
291510000
291540000
291570000
291600000
291630000
291660000
291690000
291720000
291750000
291780000
291810000
291840000
291870000
291900000
291930000
291960000
291990000
292020000
292050000
292080000
292110000
292140000
292170000
292200000
292230000
292260000
292290000
292320000
292350000
292380000
292410000
292440000
292470000
292500000
292530000
292560000
292590000
292620000
292650000
292680000
292710000
292740000
292770000
292800000
292830000
292860000
292890000
292920000
292950000
292980000
293010000
293040000
293070000
293100000
293130000
293160000
293190000
293220000
293250000
293280000
293310000
293340000
293370000
293400000
293430000
293460000
293490000
293520000
293550000
293580000
293610000
293640000
293670000
293700000
293730000
293760000
293790000
293820000
293850000
293880000
293910000
293940000
293970000
294000000
294030000
294060000
294090000
294120000
294150000
294180000
294210000
294240000
294270000
294300000
294330000
294360000
294390000
294420000
294450000
294480000
294510000
294540000
294570000
294600000
294630000
294660000
294690000
294720000
294750000
294780000
294810000
294840000
294870000
294900000
294930000
294960000
294990000
295020000
295050000
295080000
295110000
295140000
295170000
295200000
295230000
295260000
295290000
295320000
295350000
295380000
295410000
295440000
295470000
295500000
295530000
295560000
295590000
295620000
295650000
295680000
295710000
295740000
295770000
295800000
295830000
295860000
295890000
295920000
295950000
295980000
296010000
296040000
296070000
296100000
296130000
296160000
296190000
296220000
296250000
296280000
296310000
296340000
296370000
296400000
296430000
296460000
296490000
296520000
296550000
296580000
296610000
296640000
296670000
296700000
296730000
296760000
296790000
296820000
296850000
296880000
296910000
296940000
296970000
297000000
297030000
297060000
297090000
297120000
297150000
297180000
297210000
297240000
297270000
297300000
297330000
297360000
297390000
297420000
297450000
297480000
297510000
297540000
297570000
297600000
297630000
297660000
297690000
297720000
297750000
297780000
297810000
297840000
297870000
297900000
297930000
297960000
297990000
298020000
298050000
298080000
298110000
298140000
298170000
298200000
298230000
298260000
298290000
298320000
298350000
298380000
298410000
298440000
298470000
298500000
298530000
298560000
298590000
298620000
298650000
298680000
298710000
298740000
298770000
298800000
298830000
298860000
298890000
298920000
298950000
298980000
299010000
299040000
299070000
299100000
299130000
299160000
299190000
299220000
299250000
299280000
299310000
299340000
299370000
299400000
299430000
299460000
299490000
299520000
299550000
299580000
299610000
299640000
299670000
299700000
299730000
299760000
299790000
299820000
299850000
299880000
299910000
299940000
299970000
300000000
1
299970000