100 7000
39 79 708
99 68 983
61 10 428
94 24 972
59 32 120
69 13 630
51 93 755
5 65 476
61 47 606
5 73 189
92 8 728
28 70 487
73 61 311
94 4 691
15 76 564
23 61 190
74 20 645
90 38 691
81 8 224
75 67 101
19 68 902
37 45 672
42 1 988
71 37 503
45 33 801
9 16 956
48 4 200
48 71 377
69 98 783
31 12 8
50 24 38
63 86 311
41 36 608
54 9 837
68 61 963
27 81 667
80 97 759
89 96 480
5 86 536
99 79 261
11 27 308
31 66 692
74 88 153
34 19 77
39 18 590
64 72 809
23 87 778
47 68 100
93 42 747
62 59 50
61 46 624
77 80 697
40 92 437
45 52 269
48 96 84
95 49 704
62 100 1
77 95 322
46 13 639
74 8 845
50 91 261
58 24 278
60 39 66
83 19 967
19 14 70
43 14 961
20 77 469
27 41 624
3 50 837
60 67 354
73 82 369
65 28 857
6 44 597
32 52 428
28 16 821
87 99 411
30 5 291
27 36 2
48 53 217
82 97 888
32 64 786
98 56 269
29 35 323
9 91 289
24 92 656
25 66 646
49 51 292
94 6 626
31 29 457
51 67 687
83 35 398
99 74 728
98 75 71
76 38 540
65 22 861
95 76 115
19 90 564
100 36 438
58 78 615
21 9 951
20 49 885
64 78 471
10 37 745
27 48 868
43 25 188
18 67 881
30 92 783
20 21 894
30 83 593
7 87 825
100 84 879
100 97 663
27 81 637
88 59 617
51 27 531
5 72 753
1 90 620
74 50 306
36 92 858
58 81 345
7 81 701
75 90 352
70 56 946
4 40 982
78 76 249
89 81 694
12 56 509
45 49 735
69 23 5
3 24 794
93 72 900
73 66 827
11 12 916
95 26 748
35 18 548
57 8 122
10 87 317
83 53 488
29 89 980
75 51 274
60 46 69
24 2 722
92 77 800
69 95 836
20 1 802
77 26 32
6 27 365
81 14 861
38 9 317
91 5 523
43 77 553
85 33 250
11 27 74
20 3 487
100 20 631
76 40 555
60 1 694
66 3 138
56 23 356
16 79 312
35 58 788
1 57 600
70 36 201
69 26 73
77 73 309
13 7 196
98 30 678
67 4 720
6 17 603
100 7 779
89 58 735
48 91 98
30 11 402
31 56 802
24 20 310
69 68 276
81 93 659
49 48 736
56 5 637
34 47 689
39 44 989
44 19 997
16 95 269
50 51 776
19 36 82
12 6 953
76 93 224
80 20 754
70 30 306
22 5 313
31 57 336
100 93 153
99 94 390
41 67 44
64 57 930
98 86 173
41 70 773
44 89 948
41 65 267
53 94 9
60 95 732
53 50 815
60 91 877
98 63 531
98 26 596
47 30 661
24 22 272
27 82 475
85 86 807
17 7 889
36 30 799
5 56 489
1 50 725
44 61 276
62 95 392
70 79 938
31 26 965
75 78 398
77 42 204
78 96 642
94 73 649
18 34 803
31 8 69
44 51 737
24 70 254
94 59 443
39 59 977
15 31 770
2 74 211
23 17 919
16 32 488
2 32 366
34 29 797
12 68 136
86 58 761
85 19 308
64 29 972
94 20 922
25 78 308
70 49 632
81 65 601
75 1 397
89 45 558
99 18 863
60 38 203
91 84 698
53 57 826
3 65 905
9 80 82
55 23 35
33 59 508
17 98 467
53 52 820
23 14 721
4 91 899
56 94 755
84 63 794
22 64 247
55 1 113
42 83 572
79 78 30
82 67 180
67 10 114
85 41 282
46 62 444
91 81 742
62 91 174
8 29 967
2 63 977
77 76 579
18 23 852
56 76 755
37 61 564
26 69 474
85 20 108
74 28 417
98 64 976
62 66 934
17 32 232
77 28 878
53 12 948
42 14 347
68 1 503
69 9 324
79 29 391
28 98 842
97 98 878
74 18 220
31 57 939
92 50 704
59 67 933
32 69 666
93 57 93
29 41 595
58 56 595
44 4 82
1 66 775
90 10 868
36 6 478
72 28 64
92 71 722
32 20 912
9 87 458
12 36 77
22 88 659
38 65 810
91 87 444
69 81 85
88 54 17
15 87 212
22 52 595
4 62 829
53 55 71
89 92 338
8 23 763
19 61 749
58 97 158
8 23 617
94 50 80
85 31 125
12 70 776
29 62 122
18 37 271
97 99 778
98 73 30
88 49 848
58 11 870
53 83 465
58 18 19
23 43 849
10 77 888
64 80 244
80 11 392
63 92 398
18 90 935
28 35 200
18 4 417
28 97 91
14 2 723
95 34 715
17 80 669
39 62 76
51 19 640
64 90 488
35 85 446
12 99 785
93 92 949
89 46 474
27 20 480
44 4 102
80 18 783
2 51 482
31 78 310
66 13 913
65 44 428
40 7 958
57 18 416
31 34 689
32 19 236
15 28 847
85 65 464
49 97 952
40 39 522
93 81 806
51 79 923
35 98 965
12 69 56
93 12 91
14 89 173
18 91 665
55 38 49
53 4 218
23 93 581
54 20 667
72 33 202
46 26 580
77 25 375
26 66 138
66 86 993
21 19 287
14 85 951
98 53 223
98 19 862
22 60 450
16 95 874
65 2 252
10 64 750
84 58 608
58 12 561
68 14 613
63 42 756
27 34 311
5 69 87
95 80 202
16 72 211
52 13 573
23 99 361
86 93 318
21 43 336
95 21 735
1 17 684
67 49 368
11 20 108
84 26 102
50 10 122
83 76 291
19 45 125
51 93 895
85 83 278
3 40 724
71 68 76
13 36 599
37 43 807
14 78 168
65 16 481
8 68 953
49 77 304
41 64 879
73 95 723
55 3 132
58 14 165
6 32 865
85 81 212
5 80 901
76 24 986
49 51 67
12 31 562
4 70 365
64 59 93
29 10 70
46 59 810
25 53 711
79 68 660
40 34 765
24 60 229
34 90 26
10 16 193
80 8 753
95 45 397
72 42 142
35 88 769
18 80 394
95 40 361
52 37 94
11 87 131
48 66 445
9 42 500
62 36 330
15 60 677
26 67 781
79 46 941
24 48 695
32 41 25
65 85 647
79 10 360
4 39 524
27 96 535
48 67 766
83 94 282
41 42 299
98 82 812
89 65 680
57 17 330
68 5 321
72 99 192
9 19 411
74 29 99
77 67 522
93 42 941
71 1 335
10 31 342
40 94 678
90 94 994
84 70 434
90 33 966
66 42 17
13 73 239
87 75 978
42 96 148
25 2 939
13 32 235
61 39 523
31 33 305
71 12 284
32 92 777
72 21 365
78 8 554
81 63 898
30 72 944
88 78 344
27 91 590
79 47 530
78 25 666
20 73 839
83 17 44
88 1 695
56 72 395
5 34 423
52 73 88
11 53 139
21 82 635
74 95 835
11 77 364
8 49 71
15 11 128
10 6 690
62 61 499
51 12 938
28 40 953
90 99 161
94 40 976
50 10 377
82 39 957
17 100 610
100 31 741
83 12 106
8 60 285
96 38 540
1 12 891
55 5 504
8 39 744
34 9 712
8 35 94
95 34 834
64 77 879
88 13 388
32 24 364
44 59 234
69 55 796
69 49 815
31 45 890
16 12 849
1 94 391
86 16 566
100 65 76
17 92 310
17 82 6
65 26 900
80 83 7
60 53 54
21 6 176
34 1 552
12 72 981
83 80 525
48 41 54
4 33 32
47 14 116
53 1 851
77 83 926
74 46 403
81 37 451
43 11 659
65 87 972
94 56 11
15 9 690
72 24 181
10 16 422
8 66 481
42 91 765
78 31 515
28 95 610
23 32 186
74 34 245
76 2 625
19 59 920
29 78 959
94 62 492
12 75 495
90 37 951
85 3 739
48 20 699
13 70 177
8 24 870
66 63 748
88 100 553
58 98 308
54 53 105
82 96 506
80 62 426
30 62 174
13 20 782
13 37 740
33 69 492
34 49 825
55 44 139
22 12 893
36 60 239
32 68 817
20 90 452
28 78 112
71 52 800
95 15 607
17 9 581
10 59 775
84 45 72
70 63 965
31 66 701
18 66 841
83 58 81
9 53 31
6 49 773
57 48 227
45 46 167
8 48 511
33 97 881
26 23 645
99 98 602
16 61 176
25 90 614
15 73 827
49 2 33
75 45 274
51 49 211
32 35 317
9 78 92
67 98 841
49 100 915
10 99 511
14 98 572
89 62 936
15 37 852
71 32 332
61 74 738
10 29 11
82 6 272
39 71 748
52 59 379
35 18 185
1 99 854
23 67 548
94 30 460
10 18 624
56 74 772
58 53 701
31 76 191
65 90 58
90 8 307
8 27 134
85 96 41
43 7 332
19 69 942
88 12 212
51 89 966
11 83 320
39 7 705
30 98 800
6 80 187
76 15 728
67 81 106
86 67 711
50 93 382
79 15 730
22 55 199
12 80 157
28 99 973
16 34 315
39 2 804
32 56 932
83 58 649
100 24 347
42 76 815
54 34 226
84 45 807
88 34 871
44 2 811
43 55 638
80 21 930
31 25 534
65 11 661
72 79 19
96 19 247
70 55 690
33 94 31
42 14 815
8 97 341
83 44 708
72 9 165
43 46 333
94 28 538
12 60 240
6 32 31
22 88 735
51 30 362
40 19 480
6 20 416
27 65 792
55 77 996
71 11 439
61 6 77
35 28 355
82 77 398
32 74 494
3 26 303
50 80 22
74 45 396
63 18 323
84 23 263
42 62 304
86 85 119
79 66 390
78 39 528
24 85 451
16 60 634
51 75 154
91 81 326
93 67 806
37 51 985
51 49 230
39 57 411
77 96 849
29 35 907
85 4 391
92 37 890
3 14 445
95 11 263
41 42 507
55 63 764
93 31 344
19 34 883
98 66 803
64 30 39
52 92 907
84 100 919
67 70 405
78 46 30
23 32 880
30 64 577
79 64 852
12 67 643
86 61 603
63 55 627
50 95 253
12 58 490
77 75 716
91 60 679
44 26 600
46 88 758
71 45 174
89 64 259
47 81 849
62 16 614
37 85 207
57 72 376
62 89 870
28 94 960
93 65 205
49 33 521
83 85 962
80 14 841
76 93 475
36 1 329
62 18 514
47 65 167
67 7 566
44 5 628
1 6 887
35 32 206
9 54 448
94 25 677
41 15 643
56 63 570
23 26 997
84 58 438
36 30 574
21 100 683
17 20 290
26 49 35
34 47 510
91 46 81
29 53 972
54 56 765
16 25 983
58 81 137
9 15 237
86 17 575
81 84 672
22 96 668
4 25 297
45 20 849
47 24 695
59 100 591
31 91 950
70 85 671
66 28 91
34 32 211
35 63 865
9 64 612
36 11 904
9 11 42
23 27 349
36 50 817
77 61 560
94 50 396
11 71 30
57 24 84
78 97 668
99 92 269
59 42 444
92 4 487
85 68 843
81 83 876
27 25 834
23 91 903
35 21 419
99 31 657
52 53 70
59 29 453
65 64 803
59 15 450
64 19 522
90 52 484
42 86 409
9 93 524
72 53 113
62 25 776
47 66 855
19 84 570
34 55 269
10 66 815
45 43 593
48 64 300
46 52 925
94 65 503
64 41 51
80 4 510
42 68 91
70 62 588
44 34 974
74 60 195
54 63 11
32 91 684
85 70 154
51 36 718
58 20 560
35 56 385
37 67 477
28 38 916
47 4 215
58 2 27
86 39 602
54 24 376
69 30 662
21 82 511
75 92 301
24 76 427
71 64 551
26 19 296
95 35 995
53 24 991
81 16 95
67 45 761
24 53 400
89 99 831
95 40 363
88 38 963
90 67 688
76 63 174
64 80 833
66 86 298
67 12 688
30 78 730
69 63 907
52 35 54
72 86 517
25 55 940
80 73 928
49 68 209
91 33 339
47 53 558
49 56 277
62 54 836
84 20 225
56 90 168
27 78 920
100 45 838
55 50 255
38 3 864
25 35 373
68 16 539
63 36 586
49 41 552
92 65 101
36 13 752
86 59 371
29 75 345
52 67 878
8 78 979
40 56 839
92 50 68
59 6 561
18 53 551
64 5 177
17 41 424
81 17 962
68 98 137
7 91 218
80 42 35
72 83 77
57 33 225
12 67 374
36 67 310
71 19 441
62 35 828
12 25 778
91 29 535
44 94 81
41 1 196
43 82 465
60 41 740
74 38 672
42 79 180
40 51 418
1 94 897
72 19 896
8 82 731
7 21 208
73 93 256
34 40 469
6 95 584
66 24 201
71 15 953
80 99 478
82 91 495
30 20 40
12 20 866
29 47 190
98 59 93
5 87 632
52 56 574
66 92 493
21 62 213
82 92 163
84 42 183
34 93 454
13 99 293
92 76 87
30 40 465
26 61 875
79 62 129
40 72 721
86 95 892
75 97 266
31 11 460
18 10 396
20 69 998
13 17 60
61 89 222
8 77 689
93 85 547
88 30 963
73 98 437
74 97 706
50 94 218
45 29 9
84 11 267
7 56 801
60 84 542
86 75 128
32 24 425
69 56 722
17 11 293
51 73 76
11 30 126
19 9 593
69 42 905
9 99 141
19 68 511
12 70 454
63 96 816
70 33 537
17 37 643
12 84 765
83 67 666
60 73 920
64 75 499
15 99 850
48 31 543
98 16 464
21 70 820
82 63 513
53 63 210
36 92 503
82 84 777
33 11 506
41 87 447
75 3 535
64 40 193
88 52 963
85 60 460
81 46 203
67 75 674
82 28 215
59 83 567
59 69 88
69 34 344
48 21 612
1 61 732
33 27 776
57 30 37
44 62 259
83 9 849
68 34 730
46 67 757
65 38 408
66 38 760
91 42 52
44 31 813
87 30 337
2 17 664
72 16 680
68 84 497
60 93 818
19 70 57
3 29 948
57 53 240
90 53 342
65 22 234
68 23 476
70 34 333
76 88 594
86 28 929
17 44 267
15 35 524
100 36 251
61 41 647
19 35 927
59 94 439
19 29 79
80 24 781
46 9 36
8 61 659
88 2 609
2 91 423
68 81 879
31 19 690
56 11 966
75 3 891
27 92 235
23 24 759
90 14 844
74 78 590
80 83 432
30 76 353
31 44 649
39 63 267
12 15 952
62 69 557
89 52 9
85 45 721
86 52 708
2 40 755
85 96 745
39 1 713
3 9 188
64 22 92
96 24 825
66 9 761
85 28 709
70 85 774
77 19 606
79 53 480
47 77 882
51 30 878
93 28 964
91 21 45
63 94 814
100 46 344
36 30 474
11 54 990
66 3 504
93 60 716
89 64 816
64 40 963
40 63 109
34 10 527
3 97 235
48 45 933
92 48 421
22 60 220
2 4 520
31 50 167
32 91 932
3 19 663
57 28 486
36 50 615
6 69 50
6 87 734
32 51 877
23 63 649
31 6 660
14 68 43
10 45 845
21 90 112
32 39 457
18 87 945
62 76 778
36 13 623
76 6 797
32 73 335
30 90 258
52 27 696
75 49 626
96 88 663
60 84 712
81 29 46
60 38 924
32 9 528
23 90 778
12 75 710
58 96 11
46 30 862
56 62 34
50 60 573
70 23 914
86 21 220
24 84 78
19 88 167
12 60 274
70 16 155
10 41 817
83 79 903
12 30 835
50 5 250
10 48 170
62 2 990
99 55 81
25 84 995
35 56 252
28 87 881
39 95 657
63 2 231
45 33 450
28 35 314
19 76 95
41 24 160
29 33 301
46 87 537
1 60 30
85 22 533
81 56 670
8 96 451
11 93 267
8 94 292
69 36 409
61 100 911
33 14 302
90 53 512
93 79 669
72 24 753
37 71 694
19 36 842
88 46 358
36 83 463
91 74 184
47 67 268
54 35 459
62 82 881
5 14 252
64 92 505
5 24 170
45 13 485
91 45 813
6 60 529
71 59 517
42 65 104
93 38 419
25 56 697
64 82 57
43 37 160
82 18 222
59 25 816
1 67 499
41 77 118
64 11 313
40 57 524
31 90 406
2 20 681
51 83 856
90 86 395
18 71 548
6 10 517
10 63 408
46 22 671
47 26 823
55 22 178
57 84 562
25 79 913
21 94 115
5 87 528
36 100 492
96 4 423
6 78 44
59 100 599
41 89 692
87 25 9
42 76 335
86 43 285
95 91 490
53 55 429
96 84 831
3 59 729
16 40 49
50 24 739
39 57 853
64 34 172
13 68 993
91 70 459
41 91 491
35 22 903
4 48 660
15 82 387
51 80 351
20 31 662
5 68 419
2 97 45
12 49 128
8 11 835
90 29 877
73 83 365
39 41 567
75 14 536
74 53 267
82 93 625
93 97 60
89 69 52
81 74 995
27 58 874
7 80 339
73 50 62
15 66 944
90 13 736
46 91 154
88 93 526
42 2 90
91 57 595
57 25 177
25 86 160
42 74 687
94 45 180
12 31 558
2 76 932
40 100 581
96 35 938
48 42 435
39 30 953
87 29 995
5 57 728
74 34 317
99 94 992
21 16 212
50 4 756
48 88 578
20 51 564
53 83 255
36 98 756
27 18 735
80 63 198
10 76 950
93 62 298
51 55 557
30 69 614
31 29 33
6 46 742
54 6 255
56 36 677
77 60 406
42 49 227
81 94 2
14 42 759
15 2 127
19 7 251
32 83 921
12 5 430
88 96 88
10 31 556
85 65 843
45 61 929
93 3 300
10 99 861
27 98 386
80 15 732
62 9 708
74 19 18
53 96 929
44 33 752
10 68 67
76 72 258
31 36 402
8 82 642
96 64 768
57 91 243
13 29 354
66 81 721
16 90 969
51 55 716
60 37 883
80 42 681
16 83 689
74 68 9
49 62 717
41 70 725
71 8 286
35 27 316
44 83 433
25 45 552
4 91 777
4 20 999
14 61 131
68 58 179
41 30 995
5 6 702
52 44 58
30 86 570
14 45 328
85 50 2
5 31 295
24 13 178
53 1 915
100 5 25
30 88 895
20 42 45
96 49 366
56 100 42
13 38 229
11 50 125
2 54 749
35 16 581
31 89 336
15 45 742
91 98 966
28 62 879
7 52 709
17 57 149
76 11 582
31 90 180
41 58 882
76 52 614
31 89 235
27 39 357
60 62 336
19 45 803
44 50 938
91 3 41
24 69 915
42 15 240
28 82 5
40 90 625
68 98 72
27 62 963
83 10 723
33 80 981
4 9 323
6 35 361
41 19 228
14 24 602
19 14 499
31 55 979
89 81 263
28 39 13
40 58 67
19 36 855
79 90 66
43 11 498
2 19 695
38 52 627
41 64 109
97 67 6
79 96 728
11 59 700
81 74 916
55 64 51
93 92 557
55 7 932
10 99 31
86 89 50
1 65 711
44 23 377
44 2 839
82 11 875
2 85 233
42 82 834
82 99 768
56 3 688
84 60 329
68 30 356
23 19 757
22 5 961
67 13 919
37 89 106
17 78 893
77 99 57
26 59 80
38 63 762
7 93 817
20 39 702
6 73 182
65 83 788
29 3 750
75 54 182
41 10 495
52 8 966
83 51 821
46 47 717
7 31 519
23 56 610
82 100 213
67 68 972
12 50 292
63 12 105
15 49 730
68 88 548
59 25 53
96 51 968
55 75 652
43 46 768
59 49 903
47 9 952
39 99 902
29 21 873
85 36 837
93 40 868
86 54 458
1 21 676
70 69 899
77 22 458
12 73 526
50 46 718
100 93 710
64 25 564
29 52 853
7 28 192
40 16 370
19 9 592
8 87 301
27 84 815
9 92 505
83 8 803
78 70 376
30 45 554
56 35 972
29 84 916
32 65 953
22 23 607
71 84 1000
29 17 244
33 8 333
44 45 296
37 6 272
23 14 210
40 33 323
30 66 159
10 65 754
24 55 85
83 53 338
86 15 714
52 95 96
92 82 179
49 30 622
86 59 152
34 51 228
22 31 990
46 11 799
7 100 193
11 29 815
6 85 670
56 50 614
28 83 668
23 73 31
71 94 688
5 25 956
91 71 315
59 62 236
64 14 574
32 28 169
35 31 865
95 47 959
25 53 776
2 44 606
65 37 293
94 58 696
59 28 975
99 37 535
30 54 511
97 69 945
49 55 914
14 11 489
63 97 495
64 57 218
67 9 409
2 18 204
23 96 966
94 39 3
12 20 398
70 83 62
81 51 612
91 38 209
84 95 276
68 56 308
54 51 929
6 31 78
28 63 623
86 69 141
62 55 896
90 47 721
21 62 554
30 13 781
59 55 878
74 51 94
72 87 904
17 87 515
4 5 785
41 63 290
61 31 130
15 57 599
52 74 924
53 8 847
28 88 830
33 24 460
35 50 240
57 49 151
17 9 176
48 95 126
26 4 477
54 65 207
76 30 82
70 49 936
79 80 454
96 66 619
20 42 406
99 50 893
28 74 530
72 38 409
81 86 332
15 61 536
12 95 884
79 57 216
1 34 727
77 26 772
29 26 843
50 76 855
39 29 537
27 64 472
82 54 790
77 59 755
95 94 301
75 31 501
18 44 996
7 59 42
61 78 690
3 81 500
6 16 799
100 5 315
73 44 414
88 6 58
90 68 672
25 41 425
6 39 458
25 51 536
43 49 326
74 10 487
99 32 182
55 51 790
38 99 187
99 65 138
100 30 554
27 7 591
6 63 634
78 37 732
17 97 706
50 12 999
91 53 304
34 85 205
52 34 436
54 41 872
31 24 919
53 4 909
64 33 104
14 98 101
38 13 970
88 57 422
79 94 315
85 42 61
37 47 376
93 2 157
1 5 297
5 20 768
15 53 87
11 37 543
39 80 622
23 81 479
41 47 772
1 23 616
35 62 928
51 58 189
65 19 509
56 25 719
97 10 132
41 44 908
6 8 876
19 77 591
40 43 259
62 38 770
10 42 81
29 13 999
27 12 800
1 11 882
9 97 834
59 19 529
31 73 200
71 57 222
26 20 409
60 26 664
58 29 717
86 34 618
16 25 378
14 40 147
65 27 320
19 10 267
95 42 392
47 98 462
19 14 186
83 21 710
82 95 859
48 32 57
55 100 182
83 87 309
17 52 568
98 58 777
1 75 717
4 34 27
87 55 237
42 60 891
4 76 983
73 9 961
2 94 464
1 25 815
43 83 746
32 8 721
59 31 803
74 9 346
67 76 586
45 24 935
50 13 518
36 93 700
97 3 988
58 93 631
63 15 290
51 84 208
57 38 7
85 81 720
74 96 821
9 68 395
35 28 249
64 47 136
44 26 926
47 90 964
26 74 267
42 66 321
51 52 767
70 87 491
63 30 609
55 9 633
58 83 810
53 52 701
15 77 569
37 45 223
63 53 682
44 37 771
81 6 750
75 58 225
53 73 424
15 62 787
68 97 233
52 66 602
97 27 214
30 39 151
65 53 508
21 7 544
89 4 683
49 71 34
30 74 891
47 72 683
24 3 764
17 23 385
46 51 681
67 80 857
25 70 595
16 45 110
92 85 827
4 27 190
79 48 342
30 88 137
60 6 132
16 10 296
78 16 855
93 88 40
8 12 917
72 10 921
9 79 148
56 23 391
37 94 145
61 88 525
52 51 499
85 34 89
42 32 849
24 44 547
53 3 412
4 63 132
50 19 1
30 68 224
82 32 394
83 7 259
62 59 287
10 9 935
37 43 87
7 68 53
54 34 557
8 50 332
69 37 395
74 85 19
53 71 411
29 9 463
17 67 546
96 14 712
75 20 314
13 15 62
40 27 343
8 27 154
72 38 472
1 71 170
92 55 945
79 82 181
35 14 949
32 26 259
3 78 264
61 73 824
21 36 943
94 74 711
76 73 524
84 65 599
87 64 47
50 93 229
39 76 811
70 45 256
83 49 456
12 69 784
13 47 276
47 95 889
36 43 560
7 63 335
51 11 597
3 70 15
93 41 502
2 49 33
1 19 109
58 84 955
13 52 775
95 94 701
15 58 479
42 58 413
49 75 102
29 44 311
20 75 85
51 27 259
94 38 550
78 44 446
43 41 229
82 31 131
89 19 902
36 35 994
92 9 730
36 38 293
81 49 706
57 25 474
91 27 633
82 64 220
56 8 729
63 44 92
32 24 702
13 31 523
91 38 743
7 10 493
23 66 323
55 91 653
72 28 896
18 75 151
55 22 221
78 66 934
34 92 871
78 25 523
35 99 59
6 74 678
17 35 961
54 31 539
21 29 412
79 4 28
31 47 906
92 63 954
95 92 4
45 19 775
50 40 267
9 4 71
99 11 738
46 37 456
64 77 781
14 79 787
30 33 913
30 6 525
21 5 23
27 17 284
86 90 297
13 64 479
89 100 695
41 83 618
86 12 570
91 42 419
59 98 414
37 90 990
87 53 909
30 73 141
65 35 677
29 82 386
61 34 566
1 29 641
26 66 608
38 10 987
74 42 810
26 65 148
57 9 236
33 25 763
83 24 529
5 55 849
13 95 481
78 16 603
14 22 801
76 35 438
99 88 606
19 5 460
69 79 455
86 74 605
11 86 612
14 25 982
70 17 362
23 18 423
27 72 490
85 30 514
7 88 181
11 2 339
93 44 180
60 63 346
20 28 825
68 89 981
55 83 415
89 88 568
36 37 533
47 20 106
38 61 628
65 89 539
81 49 820
26 68 24
89 79 352
75 36 685
32 92 738
67 97 427
13 36 429
89 17 629
3 61 508
23 47 71
100 55 518
91 46 155
23 46 711
47 73 516
8 3 90
39 70 610
24 19 472
82 61 708
91 45 151
27 29 766
99 13 330
62 34 877
35 8 490
41 42 268
2 73 55
68 81 732
32 63 458
84 35 900
62 24 870
83 12 864
14 35 433
78 98 504
84 20 754
4 63 283
22 17 420
51 76 173
96 72 486
83 5 486
59 42 709
84 86 940
78 36 428
97 69 767
59 54 552
27 35 229
71 51 205
3 13 770
76 5 434
32 71 976
4 62 138
100 96 105
57 28 422
31 87 8
40 90 977
59 79 49
33 85 811
54 74 525
69 13 66
69 97 307
87 15 96
32 73 174
100 2 9
66 60 740
50 77 664
75 20 896
45 96 710
78 17 730
50 52 377
34 96 351
16 94 271
43 33 308
88 56 174
52 73 559
83 9 391
38 86 92
77 89 61
82 36 966
35 86 31
88 96 891
8 43 468
22 45 730
46 90 419
48 62 869
47 84 588
12 5 735
32 55 578
39 33 628
92 83 3
3 21 3
50 95 145
86 2 404
37 35 557
17 77 896
28 2 373
58 79 70
12 29 476
70 2 121
27 97 424
55 95 737
62 57 629
21 33 9
74 85 470
1 79 423
88 64 863
19 86 514
48 72 13
21 90 363
21 28 337
45 83 137
54 6 424
39 97 677
56 60 375
6 13 495
15 1 135
50 74 880
9 87 600
36 39 340
10 21 621
79 67 602
67 47 959
41 78 125
74 73 46
19 42 146
46 42 92
38 34 781
6 17 940
26 31 232
83 40 127
32 88 119
25 29 334
36 98 646
9 70 736
59 19 402
49 1 164
50 87 628
1 24 318
71 17 182
61 69 987
95 89 416
70 31 251
58 15 475
60 69 97
70 7 276
64 49 280
28 68 802
45 89 317
85 6 633
64 8 330
39 5 667
100 18 229
41 36 641
78 50 656
31 89 103
19 35 500
20 50 538
6 43 960
46 8 119
35 63 766
27 46 782
27 26 573
25 55 769
34 89 51
36 99 935
14 82 864
98 59 311
59 93 236
69 95 340
1 8 626
7 56 960
61 63 755
40 9 320
68 72 827
62 76 991
61 28 593
94 99 464
82 51 851
46 61 392
95 12 761
94 25 543
95 54 433
4 85 508
38 70 805
45 79 271
8 19 285
42 8 880
47 57 441
96 31 989
68 93 864
60 14 836
72 37 158
27 54 30
50 89 221
83 97 278
77 91 531
17 28 101
2 24 518
70 76 779
18 17 750
28 88 676
56 27 467
38 60 458
80 58 825
100 49 619
64 56 445
65 69 181
29 89 320
52 60 265
24 30 672
43 50 828
96 80 567
25 83 557
11 36 70
22 25 560
87 96 753
13 2 281
82 55 200
69 97 89
96 52 371
32 50 851
89 63 808
9 74 861
31 3 208
90 21 608
76 1 873
43 80 118
5 39 422
12 14 718
66 3 951
85 78 990
78 76 998
28 67 293
19 100 235
56 74 338
6 67 977
60 89 995
38 99 702
19 80 416
58 96 678
27 17 442
81 23 471
95 83 278
18 22 481
8 23 288
65 61 254
14 12 513
59 6 671
12 21 721
86 69 128
50 58 511
34 22 13
59 66 284
32 86 221
99 12 193
32 2 974
71 72 688
85 62 709
53 14 361
77 94 555
94 44 353
18 91 577
37 64 219
77 10 398
33 48 652
88 74 381
2 73 851
58 26 8
93 25 108
8 57 603
60 7 604
3 89 961
53 96 464
56 99 130
22 40 881
75 69 349
75 7 866
29 67 222
49 73 962
94 62 972
70 71 485
27 9 240
17 99 292
13 33 459
65 100 763
87 79 301
79 11 525
76 67 630
26 18 463
96 100 596
7 34 65
52 13 301
92 70 645
24 33 598
62 40 864
18 35 103
79 96 491
11 94 193
70 79 950
56 52 819
28 29 140
39 1 813
26 30 325
95 83 764
99 22 902
85 44 403
59 73 189
78 63 718
4 68 403
76 68 174
48 44 789
95 80 675
58 69 842
67 93 142
56 81 565
1 34 446
95 46 835
60 7 128
64 20 975
90 45 163
94 30 65
46 71 443
38 3 85
6 29 145
79 4 32
28 61 955
5 34 461
18 61 166
57 22 814
36 30 83
73 86 65
88 100 534
18 44 159
3 2 762
43 94 155
92 99 636
64 45 562
35 48 22
42 40 777
51 69 894
23 75 257
90 37 671
63 92 346
36 41 719
5 58 130
56 40 655
90 60 780
45 24 943
36 91 435
50 18 12
32 4 254
99 58 269
92 5 53
16 60 707
97 59 625
36 27 917
91 44 958
12 36 116
36 27 695
28 53 755
64 48 565
14 74 131
42 1 649
33 51 41
95 35 489
76 36 970
74 82 530
29 31 248
74 71 243
78 80 848
44 1 577
28 96 292
44 69 136
100 62 557
14 32 147
79 46 615
31 84 457
96 49 388
57 19 435
66 100 514
11 41 222
29 34 856
78 100 209
48 87 234
100 23 977
41 87 917
68 36 476
80 55 878
1 80 870
43 44 356
50 10 924
49 21 813
52 4 307
41 88 264
83 9 656
26 16 853
6 97 737
92 99 910
99 59 114
36 30 199
20 41 21
47 79 921
80 90 762
5 14 327
83 33 892
42 54 235
78 20 718
34 99 640
29 18 555
60 23 695
97 91 812
22 7 68
64 81 296
89 33 706
92 11 257
58 43 393
1 36 855
5 81 353
36 86 609
93 36 425
98 84 276
43 3 774
66 46 355
4 63 120
96 67 953
73 21 572
22 31 353
15 21 417
36 94 91
44 48 578
73 61 369
60 81 138
73 13 495
5 32 804
39 73 907
45 100 132
4 91 795
50 15 44
38 39 888
5 32 616
45 33 43
76 9 703
2 78 275
83 17 836
22 39 211
10 23 883
46 53 159
43 81 116
18 89 931
84 67 758
8 76 428
47 18 411
11 72 114
14 24 289
41 43 711
82 62 801
11 65 818
79 60 563
48 63 870
12 95 823
2 28 821
10 86 362
14 29 765
57 97 6
25 66 587
63 50 692
26 13 312
43 90 959
84 60 72
61 48 764
83 21 221
20 69 692
31 36 870
47 100 696
60 22 733
10 74 812
50 19 507
13 61 374
28 60 983
43 66 396
59 34 23
93 24 142
51 45 905
29 10 713
56 46 757
98 56 234
43 29 284
89 55 939
30 69 772
7 1 729
12 70 588
32 62 36
58 33 563
24 59 19
60 42 272
10 70 582
19 65 918
22 52 791
56 58 404
80 31 219
69 65 224
97 62 984
13 65 689
99 97 871
78 44 774
87 74 374
78 99 790
59 78 881
58 93 716
41 15 416
65 85 645
65 95 261
65 92 273
19 14 625
73 40 684
20 75 357
88 48 555
11 80 952
23 22 342
89 14 565
8 30 853
40 70 627
58 98 676
74 16 734
83 39 26
56 41 748
31 16 377
59 51 292
81 68 270
28 20 6
32 60 428
49 34 833
76 86 216
20 80 108
40 68 586
80 65 343
45 84 546
1 29 92
43 49 397
93 10 112
1 27 539
20 60 23
24 74 883
22 44 660
73 30 220
51 82 871
40 96 387
24 9 934
15 16 607
81 40 516
18 10 450
1 79 764
69 35 972
81 3 684
6 93 611
23 58 97
13 88 126
24 27 806
75 64 901
84 56 456
79 29 699
57 99 866
7 20 646
18 66 63
59 98 833
44 27 808
7 43 101
39 31 454
34 28 333
100 21 314
100 11 692
35 1 171
11 88 221
96 7 208
37 48 876
26 43 508
52 16 566
37 67 216
67 70 499
90 82 408
8 4 224
29 70 527
18 98 303
29 84 994
77 53 117
80 10 183
63 57 622
33 71 859
14 79 730
1 42 790
87 45 822
9 12 906
82 72 533
8 67 751
76 67 558
76 3 427
84 85 661
28 50 929
43 48 144
5 76 730
23 86 63
15 2 106
1 31 646
88 4 675
71 98 189
41 17 574
99 5 512
1 28 126
72 50 414
55 40 837
42 59 918
71 97 558
89 29 928
76 5 179
16 19 268
79 15 959
38 44 958
60 73 415
89 76 527
95 56 400
18 85 468
33 47 699
9 76 287
46 59 867
27 55 843
62 22 590
14 58 589
83 14 157
3 19 732
16 66 315
57 35 890
92 25 89
6 90 528
57 42 18
8 47 28
72 33 17
71 53 825
59 15 892
63 49 25
16 48 925
1 51 583
88 86 727
40 4 251
52 6 87
5 77 417
73 87 248
79 8 933
96 23 733
34 45 549
81 78 158
91 78 804
74 53 399
32 21 183
98 78 751
50 55 155
97 73 710
4 7 958
10 88 699
66 48 734
45 94 763
81 13 17
65 17 414
83 20 412
92 83 812
29 48 929
56 48 28
30 84 707
66 21 165
89 71 836
1 5 297
72 95 462
98 10 243
46 80 760
71 10 693
68 73 677
60 27 828
21 3 545
99 83 20
69 85 938
99 92 460
35 65 888
65 92 956
71 96 299
79 82 65
22 65 641
46 74 894
1 13 657
41 5 198
10 2 848
27 51 527
63 48 269
27 24 877
79 23 232
55 48 705
47 74 817
87 51 110
92 100 433
10 29 338
63 66 114
36 35 405
68 24 997
21 53 974
50 99 488
59 13 584
57 40 166
63 62 479
69 82 487
20 37 550
84 18 127
14 68 362
75 28 422
77 61 612
43 37 61
83 50 629
69 64 586
13 40 706
18 94 632
1 91 307
56 51 710
82 68 795
21 67 571
33 97 882
44 37 673
93 5 650
42 76 909
3 59 452
19 68 692
27 96 744
76 97 618
52 56 729
60 100 47
88 91 26
83 80 10
55 38 710
74 38 55
48 12 704
15 96 125
10 97 806
49 62 558
70 55 913
77 23 64
70 99 309
35 96 446
73 90 794
94 43 392
12 81 69
43 63 156
47 92 302
71 63 794
40 52 401
99 61 294
41 3 272
73 98 451
16 26 791
41 51 216
25 48 845
89 100 490
81 36 275
94 30 769
39 83 573
84 11 298
78 50 995
7 25 975
76 12 182
94 35 470
22 97 804
51 70 216
84 38 656
77 26 992
88 5 378
86 96 585
30 83 525
30 49 851
94 79 704
98 62 212
67 18 318
80 18 599
25 97 306
29 93 37
64 2 495
65 45 855
9 36 663
52 36 769
96 23 738
7 17 604
83 43 42
44 85 709
29 70 961
64 16 143
77 26 253
74 15 547
5 63 832
7 88 13
78 100 17
75 3 14
24 44 610
80 23 7
31 49 58
38 60 313
75 5 765
91 74 574
64 49 382
23 100 693
58 88 370
52 36 175
87 64 154
98 12 488
44 21 698
97 85 565
90 34 681
27 80 32
71 95 2
69 11 785
84 63 717
47 32 62
76 2 652
46 88 793
15 38 524
36 16 789
41 95 343
51 44 349
99 38 479
17 24 900
92 23 190
56 29 960
62 20 828
73 74 641
22 1 72
6 43 608
72 35 303
91 15 12
90 76 911
1 88 538
2 66 49
16 25 821
16 86 862
33 92 411
25 14 56
79 93 980
65 16 990
56 95 818
44 84 727
66 26 194
65 47 84
10 53 178
96 19 719
25 48 35
73 33 158
83 42 690
2 59 419
47 2 847
14 67 905
72 33 865
74 69 781
76 65 89
63 31 949
42 97 549
34 67 851
48 7 293
23 13 388
66 36 792
81 90 474
47 19 847
15 34 525
17 5 913
35 76 581
81 3 667
93 84 912
33 62 964
100 5 453
76 63 462
50 36 786
25 8 634
98 77 144
94 2 698
9 30 868
50 58 767
44 69 774
57 86 355
98 41 982
96 88 937
10 95 439
88 24 192
60 89 920
25 40 868
9 56 145
44 95 439
11 75 464
45 79 255
28 65 518
38 7 361
37 94 239
86 62 658
60 78 875
57 43 559
43 96 862
38 20 680
14 96 124
36 48 822
9 88 934
20 56 691
73 37 964
29 84 165
59 34 580
80 61 784
48 99 272
27 98 593
51 24 107
64 65 135
46 10 571
74 71 570
67 80 643
100 80 423
10 58 69
35 82 102
5 39 759
69 57 893
27 97 262
73 31 215
23 35 981
99 70 255
17 13 503
3 62 258
21 32 989
88 62 153
82 95 712
14 44 141
69 13 652
29 39 139
66 17 124
29 70 429
50 41 186
20 93 61
82 13 224
5 55 25
73 38 8
9 84 986
72 4 951
90 66 373
82 47 274
62 35 903
49 14 841
86 15 278
40 8 201
17 91 65
71 74 354
60 40 376
99 82 400
6 87 139
36 62 30
83 58 687
32 46 411
70 80 579
14 5 243
51 94 875
1 90 105
81 20 431
61 71 834
60 23 987
90 98 682
90 66 966
98 28 997
78 59 759
24 7 418
17 43 883
14 75 597
16 55 998
100 55 609
47 16 36
32 96 916
3 41 398
40 28 812
38 61 608
20 4 578
84 29 402
59 79 141
60 73 63
83 73 918
21 28 727
71 26 731
23 48 259
36 98 714
29 14 415
41 94 527
59 22 340
9 5 68
91 50 775
91 100 802
48 4 91
40 85 853
25 65 162
12 77 333
30 20 291
57 28 279
95 9 827
39 57 768
93 63 818
96 53 799
90 21 217
12 34 485
91 66 368
74 98 701
70 8 346
3 67 182
38 63 578
80 99 615
85 40 570
64 41 197
77 60 329
82 6 833
89 8 969
41 2 502
93 87 243
30 63 500
86 44 704
31 81 864
57 38 925
33 44 629
30 9 152
74 29 929
17 40 539
41 75 902
45 49 759
8 45 791
70 19 733
50 97 226
63 64 48
93 61 451
18 23 686
98 33 99
10 38 968
9 73 533
72 23 252
3 67 232
16 5 658
22 75 605
96 78 641
89 72 358
3 48 468
45 96 587
4 54 517
3 58 174
15 91 597
55 13 673
92 28 829
13 55 215
45 37 205
3 74 49
67 11 95
51 86 394
16 83 996
17 79 538
44 75 860
17 95 666
37 42 231
60 1 313
23 75 343
81 30 837
12 46 701
83 32 979
8 22 598
46 25 962
38 59 336
36 92 939
31 22 701
85 21 633
21 3 518
82 9 396
98 5 138
45 87 344
3 70 303
41 33 644
15 89 771
33 97 672
62 72 312
93 31 322
85 26 733
26 20 396
34 10 5
43 85 782
89 57 102
95 58 762
1 80 158
88 86 684
72 44 139
18 75 265
61 22 408
64 55 373
72 82 524
79 64 735
64 17 651
83 39 875
97 42 459
40 97 308
28 65 355
20 34 63
69 8 453
64 96 919
26 74 776
62 2 928
50 92 88
70 41 796
72 84 896
97 47 794
73 58 451
71 72 480
19 20 196
29 97 169
7 62 252
23 94 210
8 97 671
18 56 489
46 54 931
69 75 342
4 16 306
81 5 915
91 43 92
22 52 568
71 76 413
91 9 238
2 61 466
53 19 531
89 5 351
27 66 87
43 14 343
64 72 253
36 8 886
97 30 703
59 66 681
38 36 399
98 41 66
99 92 480
71 17 423
72 60 589
99 29 835
53 43 379
66 90 1
31 99 376
40 76 59
89 13 481
26 93 79
1 92 428
58 71 806
77 5 364
85 7 224
100 28 178
97 29 660
45 30 557
42 95 909
45 95 269
68 46 511
71 90 225
12 52 701
72 74 495
99 9 158
23 87 957
14 20 114
97 87 846
52 17 695
22 33 413
47 52 21
60 78 454
64 13 960
98 30 669
26 43 745
36 47 835
74 72 521
78 6 336
22 90 729
53 26 770
87 65 293
12 69 809
53 19 412
6 68 255
83 58 866
45 69 775
35 14 887
70 87 389
36 93 852
78 79 270
98 27 870
53 38 857
64 17 676
78 22 112
14 87 891
24 26 873
65 93 321
43 52 809
75 6 106
44 63 144
42 34 92
51 67 927
6 73 713
46 66 907
98 49 772
67 18 628
43 35 77
68 60 891
46 100 321
87 53 216
29 15 871
51 60 184
98 31 164
95 21 911
28 45 901
1 46 918
69 5 900
3 72 147
100 56 940
33 96 863
17 49 437
35 41 95
7 84 667
26 38 556
30 1 425
59 23 408
84 40 355
17 10 89
35 54 241
14 51 57
96 1 50
16 62 165
92 98 573
36 14 779
19 71 222
88 6 107
95 19 495
30 100 902
96 33 646
6 98 384
97 3 174
22 47 367
66 64 956
38 69 817
42 6 567
85 41 959
46 23 135
96 33 288
73 60 495
98 45 285
45 78 388
45 34 130
98 96 500
4 46 961
87 73 84
51 18 137
41 51 826
84 13 413
83 76 464
85 86 418
99 41 193
17 52 936
51 50 889
46 24 650
85 83 76
93 8 770
12 75 476
96 17 954
54 29 478
60 92 999
62 59 234
56 34 372
59 19 189
48 5 561
1 37 29
53 40 872
37 55 201
84 93 637
4 93 85
76 96 96
34 98 766
31 72 680
100 67 691
4 30 237
25 33 93
62 51 535
42 20 725
59 21 227
29 55 530
69 40 250
38 51 168
95 63 816
50 16 671
79 35 84
71 80 947
18 63 764
45 85 391
72 2 960
80 49 326
93 52 398
61 99 269
37 73 146
53 39 531
57 99 787
87 6 882
67 25 176
27 20 309
62 82 124
65 36 982
81 19 669
38 75 429
68 51 3
73 15 743
68 89 601
76 4 828
87 19 497
40 12 829
97 59 303
64 91 274
70 3 711
61 17 727
10 80 91
90 100 220
5 13 791
98 58 430
81 61 639
97 33 323
89 1 695
29 51 312
87 32 202
3 72 617
21 7 58
34 94 224
72 59 101
64 92 151
26 14 891
18 73 289
61 56 307
39 7 393
36 39 814
41 49 538
75 56 746
95 10 634
100 19 292
73 90 836
27 15 963
2 13 572
86 63 875
37 98 487
80 71 467
48 81 983
41 80 769
89 28 795
27 41 165
65 84 562
37 56 923
80 40 859
75 90 910
5 53 471
34 81 270
69 79 28
88 23 428
10 41 769
31 74 130
79 62 820
95 75 42
81 78 792
22 5 30
16 32 830
25 26 395
25 74 597
26 90 635
85 12 466
3 42 626
81 96 5
14 5 547
57 46 454
20 95 732
89 50 18
24 84 754
66 55 584
6 1 799
38 20 251
49 68 302
6 59 741
20 96 849
34 42 821
23 5 368
8 49 396
33 65 779
18 34 325
44 79 884
79 47 885
21 80 755
35 97 390
65 86 530
9 96 923
76 19 530
33 16 722
66 68 939
24 8 799
40 78 846
39 100 57
13 88 536
56 69 809
33 71 382
20 35 578
10 36 118
6 88 379
63 24 300
49 43 708
3 7 318
32 30 244
41 59 981
26 1 673
81 49 904
89 31 102
55 50 125
63 87 695
52 96 38
82 28 149
54 60 367
29 36 347
60 55 647
25 28 293
92 1 985
8 41 500
31 58 450
18 24 215
72 26 772
94 21 32
48 3 866
62 52 711
12 96 593
56 2 142
78 76 856
42 31 501
97 75 15
51 27 280
87 65 987
26 80 141
76 6 266
48 58 195
7 47 540
93 91 494
47 91 718
94 22 262
57 60 206
95 30 948
83 41 810
55 34 485
77 67 699
81 12 330
82 7 640
99 1 96
55 97 577
27 1 912
26 92 897
90 78 371
97 55 218
58 65 293
4 32 214
75 77 427
92 73 715
61 90 457
99 51 514
57 48 851
90 22 724
44 93 378
16 20 222
40 6 119
77 18 858
88 21 711
18 28 991
96 62 14
51 42 972
34 7 965
7 42 953
67 95 824
53 82 90
82 97 729
46 86 202
85 43 176
9 5 18
91 25 2
71 27 965
86 81 371
79 42 688
79 69 195
17 77 588
64 79 315
92 59 749
37 86 453
18 78 115
88 44 838
94 24 338
86 62 222
69 36 726
29 5 624
28 2 625
80 85 107
56 77 26
24 28 692
9 100 817
57 88 663
4 6 696
33 22 544
31 38 448
22 70 400
32 66 637
43 41 578
52 83 273
76 31 17
7 23 684
24 57 2
65 63 877
27 50 896
36 93 108
11 20 158
76 54 270
20 71 294
64 30 654
23 77 356
23 68 799
37 66 541
46 54 759
6 74 751
36 11 343
84 99 722
27 59 203
68 42 538
92 43 365
1 46 721
96 9 441
11 90 226
39 53 551
71 35 526
77 37 59
48 100 875
82 26 275
61 75 70
69 79 782
22 6 82
96 82 144
74 79 57
13 35 863
30 33 210
96 74 589
50 62 219
23 33 703
35 58 5
17 95 414
57 98 983
22 1 372
5 6 953
71 82 176
75 19 656
67 47 992
70 58 708
61 25 59
61 4 453
67 34 407
36 54 134
64 35 229
27 23 960
45 48 394
38 95 242
26 69 494
53 12 578
84 27 760
14 64 729
97 89 629
81 75 253
5 71 971
5 47 291
24 27 930
97 23 854
78 61 608
75 5 114
84 62 550
50 4 734
7 27 456
33 10 829
41 29 14
12 64 613
55 65 403
24 36 750
28 56 254
83 82 234
89 1 836
95 14 545
28 84 520
20 55 643
17 50 951
9 38 106
60 35 3
98 9 397
80 52 111
10 17 161
91 7 233
41 16 815
99 37 940
72 10 132
55 93 194
77 23 704
64 50 960
19 2 522
89 74 709
43 1 363
52 82 555
78 90 40
39 16 933
41 4 716
46 27 932
53 41 258
69 84 520
47 87 985
80 60 7
96 37 623
17 31 492
87 90 687
27 84 230
73 32 593
13 42 395
13 2 814
41 23 831
63 31 480
44 38 565
44 84 275
76 8 773
98 91 515
17 89 453
86 41 26
96 34 186
39 69 114
40 93 268
7 59 437
65 13 746
8 85 754
70 11 379
6 35 53
82 74 595
77 80 14
23 55 501
79 84 258
38 42 527
88 81 871
32 91 129
13 86 505
32 99 443
19 17 65
68 58 862
13 56 19
11 33 322
69 15 497
37 60 903
93 31 69
8 77 82
97 40 326
16 64 614
31 43 168
55 48 192
79 97 923
12 26 62
60 12 982
10 35 591
21 31 302
24 58 577
32 62 367
9 2 507
69 8 393
12 38 193
49 87 558
9 92 604
23 58 618
34 48 746
34 70 228
95 15 53
9 80 161
59 32 757
99 88 961
88 5 700
28 34 910
16 61 240
45 71 993
11 58 252
34 88 997
44 75 138
70 56 9
73 7 709
1 67 103
60 94 691
87 6 839
19 80 596
88 44 582
29 53 384
20 53 528
14 16 39
59 26 492
59 79 980
19 60 897
96 27 713
42 77 616
91 54 291
52 39 485
95 89 107
75 21 919
42 90 745
20 74 287
91 61 683
25 10 908
21 77 112
59 15 347
30 8 821
95 90 108
17 21 143
28 88 87
72 33 663
60 25 800
53 13 14
74 31 664
93 90 171
85 34 559
80 55 719
54 46 731
2 73 286
85 67 15
72 52 294
44 72 387
11 12 589
33 22 993
85 1 530
58 11 81
6 39 886
29 30 78
93 5 844
47 1 172
38 49 139
39 66 394
25 49 165
89 29 389
8 34 371
31 9 923
3 48 725
59 6 262
76 85 899
59 35 70
7 45 430
30 18 695
13 81 137
64 72 591
53 59 88
99 2 998
74 46 33
43 55 90
80 32 70
42 75 202
60 10 24
23 82 411
28 53 886
90 46 459
93 12 981
95 5 231
90 34 78
50 32 65
67 2 943
73 66 301
73 97 986
10 36 791
58 51 218
89 26 157
30 2 290
83 66 883
59 22 954
47 23 747
81 11 265
13 45 755
89 95 977
97 35 304
2 98 818
59 22 662
20 50 813
54 57 365
67 60 372
63 36 134
46 58 986
53 50 517
80 100 804
31 68 374
91 2 951
73 85 870
22 9 778
57 61 301
56 24 689
93 8 94
1 96 654
21 10 974
32 9 471
89 14 21
64 71 254
7 74 317
72 17 886
28 29 400
81 17 576
30 20 492
59 5 206
83 32 706
47 100 851
84 12 902
7 28 970
26 46 254
19 21 726
64 24 871
40 87 132
82 11 620
2 37 561
48 64 788
19 23 88
77 42 32
32 86 471
50 93 665
15 60 75
33 15 205
73 91 681
18 88 581
60 78 711
51 58 337
63 100 847
62 88 152
37 70 245
36 49 505
48 56 541
12 54 37
52 34 342
95 39 861
44 88 864
68 2 219
18 54 503
41 17 374
8 22 164
90 1 590
85 63 120
34 68 811
61 49 964
98 26 347
12 43 721
61 57 811
36 68 517
60 45 441
40 44 40
70 35 828
3 30 464
48 5 459
100 9 930
89 28 818
39 32 498
66 45 667
79 50 877
43 87 371
71 90 857
66 7 769
62 44 286
30 61 94
94 72 869
70 91 265
90 73 165
78 26 804
30 29 424
61 28 508
76 6 19
34 79 142
86 46 181
1 37 437
48 95 532
45 83 413
10 1 993
35 90 228
100 57 478
41 19 953
18 41 184
99 76 272
22 3 725
18 15 41
53 59 22
75 79 341
53 56 201
77 14 872
32 95 760
23 31 750
93 1 790
25 86 384
90 59 911
62 79 493
38 53 263
47 19 984
42 57 889
1 79 206
31 5 359
26 86 920
32 56 156
37 50 452
50 41 401
58 14 537
86 20 268
72 11 665
40 6 424
21 96 277
78 56 225
64 17 906
38 45 358
28 57 739
64 100 265
33 73 741
43 67 165
34 21 831
54 30 170
3 15 63
47 1 46
60 68 711
46 40 834
43 14 4
2 96 528
80 56 347
94 82 69
52 99 392
31 67 472
26 58 448
29 21 720
9 66 111
67 48 187
63 84 515
20 43 163
26 22 484
69 38 129
89 5 32
38 39 703
33 88 309
90 95 816
33 59 495
30 73 734
12 53 748
22 93 381
88 89 725
83 13 61
72 1 426
18 15 728
77 80 165
52 78 985
12 96 564
53 71 644
90 2 658
32 55 324
18 54 493
82 79 507
78 44 26
64 70 77
58 93 759
28 99 57
100 97 453
57 86 431
45 18 964
92 73 580
93 48 47
8 56 816
54 64 862
45 32 54
81 40 90
97 94 948
14 16 518
99 46 746
40 70 794
3 43 909
96 31 945
89 18 842
31 44 245
3 6 353
44 94 331
10 49 40
59 88 678
69 90 822
65 22 544
43 17 432
14 94 11
86 59 771
20 90 529
21 82 144
24 62 226
29 73 447
6 90 11
26 32 554
65 70 947
48 80 830
99 6 982
89 79 480
94 38 311
41 31 880
50 77 43
61 94 844
16 29 37
34 86 390
60 16 962
40 78 521
78 64 627
23 34 818
51 62 649
46 71 680
67 8 752
29 26 326
10 39 278
30 16 380
13 3 442
23 20 64
83 29 900
25 85 260
93 5 505
35 37 501
12 81 336
59 16 677
83 40 692
39 16 516
1 89 842
52 74 309
78 2 71
74 38 233
56 62 794
36 88 266
1 60 447
17 65 714
25 56 347
60 30 215
41 8 83
17 94 615
45 74 78
59 50 423
39 36 881
92 40 934
55 49 861
68 72 26
76 10 211
24 27 676
16 13 378
18 12 453
40 12 646
23 22 975
56 71 348
55 88 670
17 9 870
13 2 888
45 24 982
15 67 750
69 18 297
37 99 494
78 31 884
56 31 600
15 90 853
32 76 693
20 33 155
63 86 998
7 84 736
68 91 269
47 10 636
57 50 684
100 95 675
80 11 606
29 16 381
20 34 724
60 94 739
93 16 792
5 65 164
17 81 241
75 39 133
40 49 617
94 81 817
31 50 688
93 94 483
32 4 288
22 13 575
66 38 977
66 26 841
28 98 862
94 92 750
54 72 252
23 27 142
65 2 284
92 44 200
93 31 119
40 15 817
46 81 510
84 86 318
76 89 844
49 71 345
97 24 230
4 79 775
74 66 504
62 42 423
34 46 118
6 17 609
67 63 859
17 15 439
28 25 501
58 19 241
34 59 301
3 45 599
56 98 801
49 87 335
41 32 11
45 7 36
98 70 760
15 92 904
24 5 556
98 29 544
7 94 79
6 8 497
39 77 326
43 36 357
75 5 796
28 6 314
64 94 225
89 44 948
89 34 944
62 18 425
92 18 732
62 52 583
27 22 417
98 94 523
15 40 250
30 19 967
98 82 783
44 27 292
13 1 998
70 50 690
55 38 792
18 55 87
70 12 126
63 72 963
70 30 803
44 95 186
82 75 896
4 84 401
20 67 594
68 58 784
14 36 359
34 50 795
77 27 586
9 78 289
80 90 807
4 59 80
31 100 791
81 12 263
29 62 708
32 51 479
66 91 166
32 91 623
36 79 300
6 56 24
75 16 395
18 2 401
56 100 645
53 36 933
46 35 473
8 75 893
24 97 504
96 94 785
19 80 656
81 3 724
43 50 748
12 19 659
22 51 929
88 48 495
40 91 992
96 23 232
46 41 703
38 15 359
81 27 953
32 90 887
20 68 515
10 49 998
50 11 44
19 72 565
56 10 965
98 85 635
27 68 829
26 100 987
27 69 278
47 42 430
64 62 851
2 99 517
43 82 715
37 64 589
44 60 351
4 5 864
26 30 268
91 27 655
100 48 101
91 81 630
27 9 527
14 61 850
70 57 499
57 68 337
89 100 156
77 75 809
15 11 541
44 10 349
29 76 356
84 13 350
98 13 577
60 89 775
37 100 772
54 20 877
47 70 181
19 75 659
79 8 656
33 16 922
77 93 890
57 76 371
22 1 430
12 23 129
61 71 652
91 36 379
25 76 264
88 80 935
51 80 603
87 69 991
51 93 288
30 70 98
49 77 728
39 58 897
19 52 480
13 31 848
5 64 232
94 4 272
7 66 65
39 13 932
76 20 59
69 6 869
91 84 691
66 81 105
29 79 278
44 53 185
37 83 600
45 55 697
96 47 941
34 77 721
46 44 445
37 88 215
51 71 433
78 76 364
81 62 899
89 61 329
7 16 532
52 72 874
80 9 218
69 78 277
50 49 433
98 80 298
27 9 599
36 46 823
20 76 227
9 1 463
46 66 228
90 41 68
53 88 283
16 2 760
29 16 974
26 44 319
77 9 331
68 49 601
15 75 276
70 100 670
2 9 712
43 50 50
72 63 370
52 47 159
10 86 98
39 51 371
14 50 109
56 66 372
26 33 608
87 31 841
35 16 992
100 51 905
32 69 784
82 32 329
18 16 636
43 38 902
26 81 243
47 58 543
64 34 342
39 26 750
73 98 630
85 77 947
87 71 419
54 94 227
79 7 195
66 44 360
97 45 718
61 23 19
11 8 214
76 13 209
55 80 658
61 81 531
50 6 692
9 62 866
5 83 362
54 58 926
20 89 6
96 73 736
22 1 293
77 71 802
27 87 716
78 51 477
9 47 463
77 66 792
89 33 989
33 79 570
95 75 506
14 82 615
17 68 804
97 22 554
40 78 875
19 86 851
55 37 29
64 28 937
27 32 114
52 15 132
68 6 702
85 58 432
37 75 411
53 44 53
8 81 747
46 74 379
64 26 674
38 69 348
4 33 203
68 11 167
12 26 262
55 82 721
10 45 116
31 16 789
66 86 519
97 25 208
1 37 632
20 55 928
31 24 119
18 15 116
77 25 527
89 86 602
83 91 181
80 94 280
87 28 202
14 7 580
11 61 599
58 16 822
46 10 359
36 95 972
8 76 835
39 22 64
43 95 14
98 45 746
45 52 825
83 96 939
95 30 840
92 40 291
23 39 76
65 8 855
36 45 609
31 68 755
84 17 870
66 63 330
35 5 476
84 81 384
4 30 455
86 92 921
25 11 737
79 1 491
87 76 198
45 97 534
40 30 652
19 35 799
78 97 341
8 66 548
48 6 354
72 48 499
79 59 195
15 5 579
70 23 415
29 72 398
67 25 971
55 84 826
26 58 56
10 11 928
45 7 705
19 76 358
74 31 782
96 24 670
34 79 602
22 11 535
70 16 971
42 13 78
22 63 215
22 90 722
77 71 115
10 5 562
31 95 365
45 47 778
97 76 617
28 83 905
44 3 28
61 9 160
90 97 381
98 24 952
99 73 195
55 59 91
83 27 606
55 21 823
36 76 733
89 54 473
50 7 760
59 83 807
3 56 466
70 12 427
92 2 701
62 49 65
74 23 252
91 50 352
18 47 448
58 20 994
17 67 524
86 49 176
27 93 899
90 49 763
13 59 104
82 65 689
34 77 30
11 59 244
99 80 236
6 11 567
39 14 129
81 79 208
90 91 794
100 29 5
50 72 535
68 22 403
50 63 400
51 53 497
60 32 633
31 51 399
21 49 917
2 83 228
40 78 435
90 59 895
19 78 327
11 27 119
70 86 270
16 21 914
29 98 44
35 71 538
10 52 547
75 87 72
50 23 411
8 25 206
55 78 535
52 6 618
15 45 22
5 86 203
79 3 968
43 18 571
5 88 247
79 99 429
32 14 379
23 84 165
34 68 980
69 5 943
9 82 89
92 57 942
41 9 872
2 65 402
59 34 125
62 88 625
7 35 416
35 94 704
42 63 516
2 58 680
3 8 246
87 100 785
40 69 464
65 41 575
100 69 630
48 21 295
78 30 946
89 76 300
82 1 27
100 5 6
39 84 67
75 31 625
31 5 989
92 63 308
66 9 982
34 84 667
26 64 746
29 4 455
27 35 684
90 6 509
83 71 662
21 45 715
90 84 629
66 72 693
81 73 679
50 57 251
12 77 503
97 14 696
29 41 682
46 4 456
54 77 149
60 36 897
54 69 956
43 3 438
76 59 415
37 56 844
43 51 270
17 57 445
27 41 345
91 100 336
93 23 688
82 52 859
15 22 474
77 17 395
82 95 161
63 33 551
9 72 570
57 87 279
92 12 273
77 52 481
89 46 800
78 13 114
26 11 475
39 5 925
17 92 295
67 87 491
90 60 226
45 64 583
22 32 251
64 47 376
47 55 734
35 85 665
19 58 300
79 11 596
14 8 91
49 68 368
36 73 871
83 58 189
29 44 639
35 3 886
75 45 437
25 30 995
7 74 735
38 95 969
39 13 794
44 97 916
71 24 981
5 12 553
83 82 275
39 35 260
92 72 696
57 6 911
94 54 179
90 5 257
94 84 375
19 96 505
78 87 299
82 32 709
52 41 739
97 43 906
38 28 357
62 21 324
86 97 689
53 89 839
1 41 565
20 32 813
50 8 257
7 4 365
4 59 772
32 36 598
22 100 950
73 59 719
76 50 681
71 16 719
84 1 451
40 100 796
50 32 741
68 40 607
55 11 518
42 52 30
16 60 315
89 70 485
14 40 507
23 92 637
61 64 241
15 86 847
51 10 128
87 80 506
89 13 94
3 89 870
27 14 760
88 5 161
59 40 553
56 75 66
41 56 335
77 76 102
20 37 939
77 14 521
77 86 689
59 31 593
77 80 650
32 92 82
66 24 535
92 73 852
81 96 114
62 43 241
8 29 960
48 3 57
25 77 465
35 64 90
29 52 935
3 61 954
12 90 510
50 97 967
26 11 583
53 78 64
15 44 854
37 65 846
82 18 232
28 63 598
6 10 180
86 15 251
15 29 156
96 95 511
54 52 235
30 90 757
29 55 507
14 73 426
4 36 786
16 75 676
56 94 527
19 20 294
31 25 957
35 56 111
67 79 69
52 69 569
38 92 475
69 6 956
7 35 34
6 78 579
51 32 64
40 11 560
29 80 669
59 14 224
44 17 416
82 95 686
28 55 214
97 24 747
24 93 998
84 81 212
35 7 819
76 99 719
46 86 39
36 5 863
83 95 507
100 4 560
59 46 479
80 56 57
41 2 90
33 30 574
22 33 927
20 80 33
52 35 56
93 55 922
82 61 680
37 67 752
54 57 501
4 87 753
71 92 720
80 63 532
28 29 581
98 60 822
37 54 647
58 48 581
40 98 628
35 41 421
86 11 38
17 38 628
63 58 678
77 11 379
64 67 228
8 34 371
20 9 215
27 18 482
84 18 69
12 96 295
85 48 537
87 4 24
33 43 217
26 91 42
45 21 184
25 70 511
16 32 277
14 61 597
67 11 294
95 57 216
85 33 721
9 93 633
49 78 155
4 31 609
8 93 206
64 75 350
1 51 933
96 54 71
23 99 339
90 83 781
25 90 96
23 32 773
28 61 996
83 87 664
41 8 594
39 27 739
10 95 862
8 40 385
39 77 942
61 29 98
23 100 858
34 8 175
83 36 619
99 100 868
10 49 380
23 77 572
2 57 8
87 68 225
20 5 737
24 65 875
10 60 279
91 69 116
33 36 18
85 22 727
35 3 762
45 32 333
33 51 145
4 61 302
32 67 575
41 86 176
96 78 230
68 29 668
68 44 716
22 89 92
61 24 380
69 66 676
5 55 526
50 62 47
58 4 238
25 7 72
28 18 100
96 52 165
9 73 43
36 26 795
6 47 207
92 23 391
76 2 16
4 55 751
33 39 478
98 84 641
40 54 692
97 76 269
87 53 119
95 3 74
95 45 931
58 36 701
95 59 259
68 53 35
23 91 160
47 39 103
39 17 483
76 18 495
41 27 904
98 78 41
65 21 546
6 53 134
68 46 286
24 42 985
59 41 242
67 26 796
33 79 19
30 2 420
91 75 583
33 50 285
78 81 869
20 71 971
23 11 918
69 35 380
25 65 923
7 41 306
52 19 134
43 39 165
72 57 288
35 28 640
54 30 680
76 47 221
76 71 462
25 50 674
98 29 897
1 89 235
54 92 114
78 60 888
13 91 847
96 66 527
7 96 762
15 43 928
30 27 468
22 4 209
4 31 672
25 69 792
67 10 883
87 20 324
96 90 57
78 69 543
57 72 830
63 84 865
6 47 303
10 80 235
30 86 616
6 96 175
27 54 822
64 15 238
73 50 133
71 18 48
12 76 647
81 83 810
33 11 123
35 33 111
56 71 896
90 87 837
2 4 692
12 71 820
90 21 109
46 76 326
14 42 715
66 23 618
94 56 573
87 81 181
12 77 39
57 26 983
11 10 35
3 65 476
4 60 180
96 18 505
37 63 235
90 28 638
7 88 422
88 27 628
70 97 360
66 70 784
78 2 283
10 64 446
66 6 694
41 31 972
73 23 769
83 41 237
8 10 573
53 55 662
4 21 412
7 92 617
37 6 659
66 51 112
87 6 3
73 87 758
2 58 500
43 53 472
30 64 244
83 33 248
63 18 418
25 19 638
64 51 712
46 61 197
72 1 426
63 5 570
25 85 640
26 89 485
95 23 808
70 16 665
99 28 763
13 25 740
24 57 842
19 69 926
63 75 327
45 83 915
77 53 856
88 69 571
60 14 864
88 44 49
97 40 200
17 46 60
69 68 386
93 55 398
59 12 422
80 84 791
65 22 235
94 58 428
18 67 509
52 39 792
3 41 666
59 15 79
47 16 902
35 58 603
12 32 568
72 23 524
95 83 27
17 85 794
83 99 666
79 8 678
84 49 215
93 92 78
18 55 944
33 28 924
91 65 237
28 42 194
83 11 629
18 38 367
65 45 883
18 93 458
60 5 67
21 36 535
31 21 274
33 75 267
31 78 554
17 66 518
27 66 149
88 33 579
62 93 733
79 63 589
48 64 642
44 96 57
4 86 690
37 42 356
2 65 72
43 18 111
82 31 908
31 84 277
24 42 982
86 51 835
1 8 814
98 62 776
18 69 196
54 1 749
40 16 207
65 58 786
76 77 10
87 37 786
82 49 909
56 43 71
65 66 995
24 80 543
35 32 431
88 45 663
21 85 485
82 35 881
16 63 379
45 14 645
62 67 271
4 60 448
21 15 392
24 40 603
21 7 974
21 93 875
62 77 593
69 4 866
66 21 644
21 71 887
57 38 47
62 21 750
50 78 719
43 12 521
88 46 610
2 58 871
50 42 771
40 5 18
26 23 780
79 57 450
37 64 209
36 42 14
55 42 939
70 54 841
32 23 254
38 85 305
68 60 701
60 8 590
83 99 938
13 29 528
57 84 533
35 78 873
24 20 823
57 65 853
65 87 279
77 37 397
19 80 59
76 48 213
61 35 769
75 6 349
61 7 786
4 78 17
11 41 704
65 38 730
2 78 584
25 80 359
1 44 576
98 42 550
94 47 451
73 98 817
80 95 957
100 45 618
16 47 869
78 18 56
84 45 62
67 2 697
4 28 656
58 20 773
29 22 776
4 30 31
80 97 235
57 17 957
86 93 152
12 23 610
78 41 377
15 95 456
63 89 234
79 92 339
40 10 817
88 58 206
14 86 943
49 28 537
87 40 65
42 69 861
26 2 179
68 73 387
67 78 900
99 80 618
11 8 931
81 34 856
24 12 523
45 41 907
86 49 45
92 2 996
79 38 17
79 94 150
1 42 473
57 5 745
60 4 647
29 9 465
27 73 694
98 18 696
20 68 950
71 40 621
69 24 655
43 82 267
23 54 595
71 78 377
13 92 227
82 98 144
11 3 829
53 3 824
53 88 395
19 15 652
60 72 530
5 11 175
85 55 790
11 32 498
44 9 865
25 57 70
2 28 976
74 47 167
40 30 377
32 6 857
10 48 497
71 1 107
81 11 319
79 94 715
60 24 761
42 96 406
85 58 830
58 68 639
90 78 497
37 54 620
34 62 167
87 22 332
79 67 597
14 19 215
8 1 760
68 40 35
87 16 925
48 53 208
19 2 17
59 89 87
33 17 474
13 53 593
28 42 170
28 5 209
2 6 780
98 70 939
6 77 57
10 51 758
97 42 930
94 73 126
26 76 391
38 59 972
30 39 933
3 31 603
16 12 354
30 48 695
44 38 460
11 50 828
11 17 986
76 13 605
84 58 17
5 89 666
44 77 302
51 5 586
7 82 178
40 70 198
56 24 579
72 64 76
27 23 348
41 75 682
100 98 19
26 24 490
11 55 715
32 60 68
30 100 976
15 65 711
61 95 551
67 61 748
100 1 340
38 27 908
46 90 566
55 4 778
100 4 593
48 1 100
2 89 497
23 51 144
54 40 880
10 68 626
34 23 221
81 19 983
34 68 9
10 1 341
18 45 943
100 68 749
22 77 342
83 56 164
39 67 644
95 92 851
7 19 628
72 46 621
6 71 339
20 92 357
86 27 607
85 47 8
48 99 57
61 90 402
37 20 761
68 13 194
7 50 368
84 33 899
80 93 831
10 64 660
33 16 492
42 62 488
30 38 72
13 67 393
48 6 19
65 8 829
73 2 858
15 44 959
33 9 479
48 44 507
48 80 211
97 28 318
6 87 898
97 48 843
3 4 65
62 94 613
64 32 302
13 53 373
93 70 791
72 26 826
42 76 855
16 19 830
78 66 637
93 86 696
92 41 975
91 69 104
54 22 730
8 2 579
92 85 533
96 59 843
82 12 609
99 61 904
87 30 881
22 69 784
51 1 357
68 8 265
36 14 584
78 97 918
54 84 779
83 98 804
94 39 839
54 89 701
59 24 179
10 50 739
47 6 727
90 31 871
77 63 258
32 90 399
82 4 125
94 10 182
38 8 815
22 76 191
26 73 700
20 98 321
53 37 600
52 75 173
97 30 144
68 35 128
62 27 560
28 36 728
20 24 513
91 62 118
11 43 743
61 59 892
24 75 57
99 70 278
72 73 839
74 38 486
70 28 339
20 4 654
47 96 231
87 65 852
16 18 809
28 90 551
22 12 998
72 47 394
78 100 273
54 45 198
59 93 93
38 93 824
76 72 909
86 77 380
87 77 721
99 69 743
14 72 220
36 47 73
59 81 324
57 6 619
57 70 698
34 27 311
32 86 335
92 27 307
36 3 376
21 39 435
9 86 54
44 62 309
95 5 32
33 15 718
15 10 16
74 88 949
87 58 416
61 22 257
28 3 754
91 27 764
85 21 217
85 35 335
14 89 719
100 79 805
25 19 620
66 64 555
68 77 230
50 34 955
31 27 626
73 60 74
55 6 648
41 63 111
54 32 662
53 6 827
79 70 141
56 78 39
80 32 295
14 32 58
96 51 762
91 95 481
86 74 566
39 2 604
25 5 809
68 84 269
85 41 378
95 78 988
52 25 133
33 57 753
58 59 852
41 30 188
7 60 216
16 76 143
3 9 483
99 13 391
54 66 107
30 18 785
62 64 301
84 14 595
65 90 762
53 61 173
47 18 823
46 94 67
19 9 409
44 2 771
66 53 843
2 81 650
83 75 791
89 11 596
67 17 85
96 49 963
31 66 230
10 71 582
20 61 665
7 62 909
62 32 460
1 15 890
69 34 698
26 78 132
53 97 897
51 18 56
42 39 274
90 86 322
15 25 141
80 76 912
14 21 163
72 67 981
31 23 366
37 79 578
48 32 336
47 76 737
39 45 171
87 31 944
88 56 786
86 35 125
54 65 384
87 24 383
42 35 457
39 78 419
62 10 479
7 18 286
42 20 318
100 71 176
100 28 862
4 13 334
53 56 194
80 12 971
70 22 611
68 71 472
17 64 78
6 60 651
97 14 225
71 8 724
89 46 647
46 75 48
80 48 926
8 76 454
83 26 645
17 77 259
76 52 491
85 36 11
62 61 927
67 17 882
24 14 23
44 55 858
77 6 742
29 59 243
12 15 601
15 28 79
55 42 508
17 21 249
27 21 903
68 78 905
5 21 967
45 99 44
72 56 896
38 12 876
29 99 879
15 72 450
24 17 786
83 59 321
99 56 185
39 78 283
21 17 537
17 78 179
100 94 404
96 14 285
78 46 497
55 78 670
15 100 578
83 15 789
38 3 699
91 78 942
97 56 465
46 77 389
56 25 205
82 83 774
24 86 338
19 100 202
85 83 67
94 70 476
90 6 479
43 85 368
85 9 867
16 58 271
17 32 340
86 98 782
7 22 751
3 33 800
66 91 854
37 69 631
6 18 963
27 3 747
30 10 888
49 85 655
12 65 510
94 22 130
45 72 465
38 7 343
39 21 701
22 14 983
37 58 714
41 67 767
92 46 755
22 45 444
35 83 988
14 95 406
33 61 588
15 45 153
13 40 319
49 18 999
98 74 440
33 29 561
11 58 245
44 34 587
33 52 940
55 76 601
60 45 141
83 68 974
67 40 20
55 77 902
89 43 532
84 49 225
52 73 652
88 73 378
73 42 79
82 1 539
89 12 326
79 67 939
57 12 284
41 88 859
38 91 606
56 81 705
40 85 343
71 81 277
6 35 520
27 45 322
6 63 664
43 67 423
55 3 770
70 26 59
5 38 890
87 84 824
34 76 757
26 68 46
93 69 15
40 57 94
15 24 207
3 27 706
77 78 824
41 93 209
62 27 604
33 36 539
68 78 225
13 69 152
2 45 875
69 88 344
98 54 602
52 55 616
38 68 840
47 91 464
70 49 505
28 67 633
44 86 742
76 5 587
19 15 933
64 87 309
11 34 967
33 74 580
20 93 943
70 40 379
95 8 380
21 63 389
93 28 892
14 32 749
11 31 294
67 51 684
25 30 938
6 19 377
77 32 217
48 44 813
99 64 155
100 11 987
39 32 775
66 28 927
97 86 783
1 34 711
81 62 134
55 64 764
4 86 979
28 78 427
33 52 264
24 89 634
55 76 581
36 4 234
44 55 807
45 78 950
18 63 400
39 50 868
34 18 442
71 6 648
15 92 410
36 69 896
18 20 512
74 99 617
89 41 224
48 88 304
17 51 858
100 92 358
73 83 312
43 68 168
79 56 874
36 15 368
99 58 555
6 3 684
83 86 894
32 18 942
54 55 655
21 80 949
59 88 758
40 88 201
74 91 182
13 96 7
91 85 279
65 55 146
17 9 827
98 18 132
71 87 482
17 10 975
54 11 128
78 15 795
92 9 909
20 5 935
96 58 452
9 52 114
43 63 986
52 68 862
16 27 241
74 46 846
72 2 220
98 21 23
96 83 195
42 24 819
84 9 905
85 4 740
87 75 797
64 5 365
98 70 577
75 62 316
45 21 404
30 29 457
92 50 821
29 21 641
16 20 975
10 47 297
97 74 451
67 11 851
97 47 270
57 16 602
20 51 591
2 91 486
22 70 830
74 62 27
47 93 52
55 29 836
81 25 630
6 69 749
30 48 824
26 40 418
61 67 629
87 58 792
15 54 131
75 64 195
65 36 156
89 12 911
19 61 421
8 13 853
15 58 293
5 91 688
67 59 145
73 96 407
40 79 665
30 70 870
65 33 274
12 64 6
79 37 73
2 74 581
58 22 911
74 59 803
77 36 61
90 24 896
70 74 137
56 75 385
13 49 922
34 58 168
45 44 767
23 83 900
91 83 462
100 50 927
75 76 456
76 39 643
55 25 690
56 4 260
90 52 213
98 1 591
10 99 613
82 74 144
66 19 969
9 17 228
8 41 264
95 89 574
61 56 150
52 53 413
5 69 274
98 66 210
16 40 429
37 17 949
18 74 73
71 59 968
55 18 121
52 58 320
15 74 610
42 33 781
73 69 609
74 90 840
92 9 710
58 75 602
80 8 609
3 20 324
97 7 403
81 1 700
61 47 963
10 11 867
100 27 267
48 91 88
99 21 503
62 40 215
61 55 172
76 57 251
63 94 516
94 9 574
12 96 341
8 4 880
15 59 850
40 48 754
20 25 649
30 31 122
100 33 743
67 90 865
51 80 90
25 52 169
47 36 522
61 78 54
15 95 275
97 53 906
95 75 759
68 7 927
60 50 723
46 99 742
70 62 687
12 17 697
19 61 979
12 39 979
33 91 243
55 51 878
11 5 252
67 84 801
78 3 189
15 14 903
7 8 847
39 61 77
97 6 259
65 70 405
98 70 825
18 32 689
43 29 514
87 91 402
16 41 945
2 80 44
40 85 891
54 18 781
53 9 833
8 64 5
3 32 637
34 86 555
83 68 6
63 48 258
40 84 830
67 30 537
71 23 325
10 42 895
18 64 943
60 53 663
9 30 875
96 90 858
16 67 699
100 97 223
30 19 256
46 43 259
38 8 419
14 1 356
52 75 128
83 10 680
93 80 530
54 82 702
94 11 807
4 53 230
99 26 865
50 81 546
70 45 856
6 73 915
8 22 62
99 48 454
60 99 641
37 64 903
99 69 77
69 47 571
79 32 534
88 19 243
65 69 387
42 70 932
59 42 943
99 79 618
78 43 283
42 33 899
94 73 15
58 72 612
13 88 816
4 91 452
53 49 867
7 71 393
29 53 662
9 60 185
56 8 725
19 5 225
22 90 957
54 22 557
33 35 747
27 50 354
5 54 906
50 55 549
13 38 48
18 70 410
45 15 700
94 82 416
60 4 878
87 32 732
91 89 688
23 3 920
9 28 694
35 56 960
73 57 394
54 85 954
95 22 405
24 27 338
68 78 697
42 87 504
35 90 155
2 79 516
80 67 621
64 55 335
42 100 722
92 13 263
21 38 417
45 96 882
54 86 488
81 24 188
20 46 711
41 98 269
33 62 706
73 67 41
55 89 515
97 60 791
34 51 863
85 23 119
78 60 992
30 14 839
77 14 341
74 71 208
23 94 186
17 10 928
47 88 339
69 53 5
41 72 638
30 1 264
43 27 539
22 70 404
73 99 332
68 43 66
31 91 595
20 77 792
74 77 984
79 43 756
58 18 552
57 37 891
28 42 735
79 12 940
55 38 782
43 29 598
28 44 540
30 66 28
56 44 40
89 10 528
46 10 440
77 41 972
93 49 471
44 89 565
100 41 167
15 57 887
56 15 618
58 26 758
51 9 749
1 42 486
69 35 57
38 17 685
4 7 508
51 39 242
47 65 47
79 44 138
16 45 504
87 78 56
29 63 279
41 95 898
54 14 218
80 93 998
80 45 4
22 6 228
63 18 321
20 29 14
83 32 869
99 9 953
86 34 518
33 32 128
29 63 499
25 19 947
30 51 176
69 13 6
16 38 75
54 35 86
15 81 630
31 43 72
66 67 552
64 86 851
77 66 544
6 31 549
61 9 190
40 2 675
20 92 520
56 43 503
20 2 65
55 77 997
50 54 862
25 23 979
87 23 957
51 76 189
4 86 505
78 32 229
50 34 743
85 62 146
15 53 568
85 79 588
10 88 553
14 6 588
70 11 240
65 10 503
9 82 228
45 57 376
65 53 496
52 53 908
99 10 70
76 51 24
45 37 631
8 53 200
54 38 203
11 1 226
16 18 15
71 81 473
11 89 904
26 3 812
5 97 890
86 56 428
53 90 467
49 79 667
41 93 746
85 73 915
79 2 24
76 57 190
61 70 55
77 46 935
4 43 109
9 87 402
31 40 689
7 70 365
30 51 973
35 78 636
8 12 180
73 21 224
8 74 362
45 59 38
55 91 603
3 48 332
95 92 148
82 48 879
92 12 925
76 99 426
97 11 327
53 6 370
92 16 692
15 70 317
21 85 466
75 92 586
82 17 220
14 2 544
78 2 738
63 43 504
36 88 304
38 48 666
41 2 997
10 49 50
12 87 352
69 19 968
67 58 475
24 32 904
54 4 334
100 28 973
48 21 15
64 79 237
62 12 464
76 55 392
2 37 164
6 12 960
43 28 495
49 23 201
19 60 275
20 82 790
10 82 885
87 17 146
2 81 513
38 31 221
6 100 869
30 57 543
94 43 470
76 77 926
77 69 3
72 18 185
12 79 593
23 45 119
17 93 508
88 81 541
14 13 207
79 60 388
1 64 457
2 3 756
65 90 971
60 14 472
66 83 493
31 55 572
9 37 775
79 68 486
64 17 388
62 25 232
18 55 164
45 28 726
12 27 235
24 99 506
89 42 365
22 9 214
58 45 853
50 81 420
80 91 93
65 54 218
84 35 703
48 19 322
45 32 962
34 60 752
7 92 151
46 47 500
20 81 264
26 6 923
71 96 367
59 93 525
88 50 30
64 93 527
69 8 337
15 67 256
59 81 109
62 65 727
92 61 210
47 37 513
63 94 924
73 75 540
70 19 91
73 40 734
81 98 98
89 77 515
58 20 617
57 81 969
78 89 564
62 13 489
41 30 189
75 58 325
16 88 950
88 14 855
74 19 855
11 90 366
82 75 774
27 100 839
25 47 911
47 33 439
54 4 544
28 2 679
26 98 989
71 40 822
99 63 123
59 33 657
14 7 110
10 90 639
36 27 494
12 55 493
20 26 563
71 72 375
23 88 226
93 91 96
58 46 834
51 60 933
13 69 342
49 61 370
72 86 548
2 7 308
75 89 742
68 99 701
29 66 670
8 31 957
41 70 271
67 73 424
99 77 30
75 66 11
92 61 680
61 87 117
8 89 721
31 79 322
58 24 67
3 61 640
26 27 716
71 14 570
86 40 539
45 49 186
3 40 716
23 69 69
59 56 19
27 51 259
77 53 523
9 67 665
61 93 249
2 30 625
58 6 701
97 43 1
21 53 493
75 94 504
41 100 353
95 61 810
43 23 536
71 95 92
80 30 377
87 92 429
56 98 688
97 65 539
57 50 962
40 58 570
13 3 417
49 20 587
36 2 511
25 95 573
86 32 350
20 53 572
44 89 567
58 16 31
49 35 805
85 40 290
77 56 918
76 39 124
31 47 785
83 97 675
45 10 881
38 56 669
45 98 42
77 61 96
73 8 771
80 99 705
52 96 791
27 17 155
8 49 83
16 15 461
90 16 404
34 50 445
83 7 808
84 28 261
81 89 879
96 9 370
88 15 869
62 4 678
14 81 669
74 22 322
39 100 262
28 55 258
39 14 986
91 12 14
7 70 492
9 75 455
67 61 62
50 19 347
39 56 261
28 32 52
51 61 468
71 1 119
14 41 148
77 62 97
15 88 12
47 32 895
1 28 743
17 82 178
74 81 681
87 97 74
47 25 7
84 40 40
14 78 636
84 27 77
91 69 289
34 21 476
72 100 8
25 7 107
21 36 571
25 5 913
95 70 624
20 80 351
99 25 619
75 31 942
90 11 603
75 32 616
96 2 496
16 5 148
72 29 457
95 53 154
11 64 251
96 97 146
48 98 76
54 64 422
59 24 291
33 66 562
31 23 885
93 74 47
7 10 737
55 48 528
10 36 630
89 84 880
18 98 153
44 91 95
36 61 308
18 32 199
8 44 622
4 16 270
63 55 216
49 46 32
30 1 218
24 72 889
10 23 380
63 87 270
47 80 587
100 64 850
3 17 692
86 93 17
23 27 483
64 88 544
36 66 821
87 41 418
86 46 155
12 45 914
5 72 868
19 21 803
24 78 92
88 89 620
92 28 886
52 53 683
11 1 595
99 26 178
100 23 856
9 2 469
33 39 960
17 54 945
70 74 11
50 95 672
76 25 499
60 86 970
26 7 109
34 92 817
32 6 99
75 98 378
26 37 182
2 24 797
5 46 707
25 89 812
19 84 694
47 22 380
7 76 441
93 62 936
61 82 544
56 61 240
59 44 245
63 22 580
28 25 701
14 96 983
34 12 932
1 80 542
78 88 118
79 4 978
14 48 40
53 7 251
81 9 45
46 49 397
60 5 125
30 88 509
91 88 595
100 70 86
68 98 417
69 9 80
57 96 310
24 85 879
59 29 516
11 47 482
58 98 354
7 44 312
30 63 590
25 23 597
87 93 877
81 36 351
88 80 783
94 14 313
96 7 17
46 41 308
55 83 97
69 98 913
27 90 570
88 49 21
51 35 345
46 97 849
65 63 482
47 99 167
43 68 869
91 87 721
49 97 55
88 15 265
72 29 854
1 100 761
60 74 555
52 85 1
82 87 439
66 59 189
90 80 142
47 51 647
39 36 951
32 84 630
19 78 648
47 70 782
68 100 287
76 85 311
61 25 858
74 18 350
56 80 667
71 28 39
45 56 913
4 78 268
55 22 673
24 60 375
99 34 147
54 6 201
75 36 797
98 62 433
14 69 72
41 94 864
59 65 276
72 60 793
33 70 687
11 31 817
25 97 182
12 90 295
71 46 488
33 1 635
59 33 614
9 46 418
54 23 187
76 51 675
38 86 397
91 94 974
87 19 457
57 68 69
50 60 587
45 44 707
68 88 533
21 83 893
50 25 15
95 86 340
85 3 507
91 96 369
32 4 717
77 21 232
100 17 521
29 86 734
6 23 775
1 84 705
91 71 259
43 21 700
67 14 675
57 6 735
49 41 785
76 14 264
17 21 92
64 16 113
41 72 468
70 66 878
44 50 988
80 6 295
27 39 598
9 75 824
28 64 191
88 57 727
20 76 408
55 34 206
12 68 387
20 22 954
60 43 629
24 54 987
82 11 90
94 43 73
28 38 572
5 55 529
52 40 673
24 62 410
31 32 339
31 68 713
49 96 259
88 95 105
27 45 424
82 50 571
2 59 278
72 27 813
77 20 954
59 33 221
24 78 423
64 79 945
72 97 381
28 85 114
98 31 353
86 31 963
3 84 787
67 46 514
36 18 888
93 95 741
82 35 854
70 74 328
18 99 660
29 57 798
51 80 538
82 96 125
76 92 864
23 82 123
43 7 872
10 30 288
35 81 674
49 43 455
63 95 590
84 11 696
45 89 685
18 15 845
10 7 594
19 35 215
3 78 729
56 46 182
69 86 966
48 32 92
55 54 435
57 81 452
61 16 110
43 18 108
49 32 89
52 70 866
6 80 446
37 77 908
51 46 86
85 81 877
1 71 543
29 58 775
93 24 235
22 92 483
35 94 249
88 20 7
43 19 206
19 51 78
81 84 418
74 88 579
22 20 403
31 79 933
36 3 77
19 100 565
78 8 153
88 45 312
11 37 166
67 98 198
98 40 303
20 48 742
89 31 186
62 52 256
14 6 117
3 64 397
8 87 261
36 17 807
86 13 71
74 95 630
64 19 699
88 87 204
85 74 883
73 74 498
68 50 273
68 84 661
60 79 324
97 48 293
30 81 77
66 83 861
53 16 486
29 63 565
87 27 744
70 59 245
28 61 33
68 51 775
74 67 12
17 38 686
84 88 618
16 88 263
55 51 552
77 29 180
20 81 345
21 30 445
32 73 274
25 15 145
55 23 232
16 46 664
40 36 521
79 27 272
85 79 144
29 44 193
56 67 964
52 80 401
89 60 184
98 54 235
58 66 372
55 73 739
90 70 496
57 4 979
2 34 627
64 35 92
67 45 273
76 5 833
38 12 117
10 7 85
71 39 194
15 65 937
84 27 593
38 37 138
45 66 809
56 69 769
5 68 564
19 40 856
16 38 436
1 96 245
76 40 988
90 35 983
8 86 530
31 68 726
76 36 332
18 89 696
12 82 418
26 93 961
23 89 72
53 21 33
67 50 63
45 78 587
52 75 463
30 24 363
55 93 357
23 77 849
17 72 976
24 5 61
88 80 644
89 38 606
14 51 387
57 92 650
95 26 183
15 71 677
13 87 493
24 55 838
23 52 560
74 88 606
63 70 791
91 34 750
97 51 835
64 18 181
15 57 707
80 5 766
80 99 381
23 34 477
23 41 748
79 72 20
32 76 888
64 76 188
97 81 809
46 63 635
25 87 605
48 81 191
5 24 975
55 24 787
78 86 133
69 34 502
4 32 976
6 75 124
8 77 805
3 51 466
67 53 908
79 29 121
49 82 789
94 54 490
10 3 778
19 48 106
87 28 228
9 21 461
93 73 35
47 38 338
15 76 587
13 83 761
78 50 612
82 18 784
26 72 468
47 62 994
61 95 821
79 53 10
71 24 941
16 89 134
53 48 875
98 14 516
53 25 190
70 17 205
91 13 126
53 92 215
13 65 492
20 93 629
73 9 977
51 73 628
41 78 65
4 89 570
41 37 236
18 64 568
85 89 265
18 64 620
44 11 431
63 68 186
51 67 106
37 55 819
90 14 981
74 86 193
17 16 904
9 18 982
29 66 867
65 44 698
3 15 763
75 89 88
62 93 835
60 47 493
30 15 79
77 8 75
92 29 834
30 34 327
25 15 503
51 35 662
39 25 698
52 9 979
38 73 206
80 33 737
84 19 293
71 98 642
77 29 947
27 12 762
28 16 415
65 56 51
62 34 975
93 31 407
43 3 590
97 55 628
57 27 165
14 88 283
8 53 730
12 35 494
40 91 494
64 33 294
54 58 179
72 55 712
34 27 428
6 72 606
92 59 316
38 30 676
20 13 753
55 29 244
5 89 695
86 52 764
19 35 834
80 33 982
42 23 542
28 13 823
35 69 6
64 76 3
56 29 812
58 43 175
43 52 331
9 48 538
14 4 422
36 12 51
87 52 738
40 9 964
24 29 853
46 92 797
81 65 485
34 81 470
92 33 235
54 11 486
37 54 504
58 68 512
13 48 814
49 42 675
59 20 90
98 89 624
55 85 747
88 34 512
14 18 776
90 96 529
56 60 817
63 42 42
51 59 655
83 53 150
87 64 552
13 60 866
15 23 901
57 13 564
63 26 629
48 31 229
18 79 395
84 85 851
91 35 524
73 13 864
5 22 977
1 60 21
53 78 986
18 100 121
47 65 221
84 51 696
97 84 325
87 15 936
60 62 633
2 92 934
88 68 113
58 87 108
40 6 601
25 35 109
17 92 73
91 8 202
99 45 430
45 18 777
77 19 552
47 75 679
78 54 634
54 43 518
7 70 314
90 73 239
57 24 940
68 90 782
49 62 816
34 82 431
53 20 974
54 47 4
42 62 709
79 38 477
13 96 767
60 87 884
44 93 221
41 43 6
26 61 940
88 48 484
39 66 427
76 10 781
85 50 647
36 16 981
65 75 47
5 67 637
23 54 369
87 51 712
62 73 71
29 7 852
54 90 750
26 3 690
80 15 426
67 5 484
61 75 290
54 49 612
77 32 680
56 81 923
80 25 569
32 77 681
78 99 229
6 1 267
69 89 644
9 5 780
57 35 173
38 5 2
51 87 550
100 68 702
52 56 594
84 99 399
92 69 782
61 82 409
9 81 417
57 32 342
19 73 663
31 32 668
34 39 524
67 38 202
69 34 371
95 13 500
50 30 745
54 58 93
57 87 558
16 15 419
70 36 352
62 27 574
42 61 102
8 17 688
77 7 217
83 77 511
76 91 256
18 26 347
90 49 140
49 64 841
47 19 277
20 35 875
20 35 580
64 52 662
17 58 491
88 90 942
82 61 796
55 26 289
96 45 695
6 10 389
10 51 874
67 29 909
64 72 680
46 4 673
60 24 296
85 91 224
3 21 295
37 84 917
83 25 679
27 48 891
61 71 737
49 90 474
7 37 856
5 17 303
99 9 63
47 72 9
50 3 35
96 90 167
33 62 277
25 28 385
93 66 17
25 53 524
97 10 229
27 78 219
99 74 187
88 47 547
30 60 29
52 37 309
2 86 668
54 85 293
64 55 887
99 2 366
87 20 698
38 12 500
50 64 460
95 99 19
44 21 240
17 78 821
59 56 859
84 95 641
4 87 332
95 46 940
73 67 97
51 47 967
91 10 636
32 26 744
65 71 354
40 70 378
19 57 597
54 26 956
69 99 199
38 82 144
36 18 116
3 64 754
90 77 263
79 30 727
27 32 103
64 94 234
14 15 707
34 33 405
49 28 929
80 75 477
12 51 630
33 9 481
10 86 248
34 11 777
62 77 619
82 53 889
26 51 140
92 79 322
63 28 871
24 42 901
15 59 152
75 26 817
3 54 980
63 46 769
60 36 256
59 5 750
92 57 287
75 66 480
13 22 614
4 59 689
7 44 8
22 87 669
45 58 898
100 40 806
40 27 12
98 52 836
54 68 732
41 34 102
11 73 504
40 3 117
68 20 32
63 57 73
97 92 515
75 86 209
38 22 598
23 52 137
71 79 56
69 84 669
61 75 75
34 29 42
74 14 992
12 33 692
95 85 577
25 76 325
75 79 697
35 83 954
40 46 520
74 82 660
81 52 661
91 23 467
86 84 838
31 57 640
74 1 9
20 56 99
44 1 865
76 37 309
35 99 935
25 66 871
49 66 863
90 98 638
97 8 99
68 48 866
97 91 783
4 95 172
17 39 847
72 45 10
22 21 520
19 91 354
23 92 204
93 26 745
52 20 259
61 63 452
36 60 814
10 65 304
82 61 22
60 13 45
53 75 90
78 68 885
75 32 158
16 64 895
29 78 758
52 75 935
14 75 713
35 9 765
83 1 741
45 69 383
30 22 607
61 14 732
87 14 838
64 92 623
11 83 220
83 54 256
51 28 696
77 44 31
62 23 36
54 85 826
74 60 565
100 90 410
36 52 971
82 30 782
31 80 360
2 21 328
18 14 918
81 7 555
41 51 77
82 58 21
85 23 482
49 48 971
6 61 83
72 58 744
65 90 617
29 28 643
14 68 664
22 29 862
52 88 659
16 74 268
73 69 825
53 85 677
69 63 960
41 16 758
60 32 868
95 8 349
14 82 111
44 34 822
98 63 677
76 95 361
52 54 947
82 42 854
87 78 146
76 34 628
50 58 82
15 84 235
58 40 691
55 66 295
2 96 507
49 9 484
61 55 545
31 17 248
95 44 219
29 33 101
42 25 209
99 12 829
55 72 546
38 10 931
53 46 254
82 38 454
57 35 312
57 91 793
20 19 849
15 62 161
27 59 999
8 14 448
54 13 38
19 1 175
59 64 772
28 59 613
45 35 948
85 69 492
16 46 719
31 75 125
55 66 856
54 49 317
89 48 819
31 53 379
69 43 847
21 88 754
97 12 395
73 67 986
23 75 462
7 18 164
46 40 211
89 52 189
12 91 496
60 28 1
95 30 583
94 69 131
13 36 20
90 28 770
8 79 252
83 82 640
49 82 272
91 78 894
71 18 96
36 73 606
73 36 678
54 28 192
18 76 223
73 4 138
73 19 506
67 6 100
85 41 252
21 100 650
7 80 493
47 73 231
68 61 913
70 81 380
43 9 177
95 9 741
36 9 596
97 30 338
9 97 793
89 35 925
95 30 663
84 73 825
24 88 20
77 5 279
79 12 580
13 38 832
68 1 38
11 79 582
35 8 986
30 55 957
15 14 372
22 86 905
9 28 736
27 21 67
12 83 786
21 59 604
26 48 684
77 4 712
85 64 42
54 53 244
18 45 503
88 46 547
28 79 643
89 60 248
90 95 20
68 77 912
2 88 674
88 100 960
83 14 257
29 79 718
63 56 309
55 95 765
67 24 632
29 44 823
59 80 814
86 25 730
34 28 619
29 30 705
58 72 769
94 7 591
67 16 462
44 72 979
19 22 411
42 30 889
97 58 364
94 48 129
28 20 921
41 80 828
84 54 568
97 54 197
20 5 123
52 78 118
32 7 857
52 36 300
94 96 790
50 19 737
10 75 181
98 22 625
47 97 825
65 74 652
86 12 774
86 82 57
22 53 943
11 15 94
14 16 971
22 29 780
13 29 938
89 88 64
19 81 765
40 35 579
55 8 333
84 35 28
36 7 894
50 48 166
13 35 350
41 83 837
38 4 695
60 90 167
78 8 959
46 3 581
43 80 547
50 38 629
67 26 897
28 46 496
44 2 704
77 100 637
47 1 802
81 26 846
31 12 468
34 5 23
88 1 571
48 51 10
22 31 898
46 84 590
7 39 205
60 31 239
64 87 858
58 51 268
23 26 200
84 62 474
3
