20
500 500
131 264 4
385 471 1
6 419 5
94 183 3
277 293 2
33 457 1
244 210 1
364 227 4
244 242 1
459 388 2
231 257 1
86 218 3
213 94 4
165 380 1
324 238 1
35 308 1
158 444 4
441 59 2
161 411 4
60 262 4
398 320 3
102 95 5
299 220 1
500 391 2
454 430 4
234 487 1
126 94 1
95 404 3
308 94 5
245 399 5
248 197 4
296 260 4
230 477 2
329 371 1
33 30 4
412 210 2
276 23 2
105 98 2
32 171 2
296 107 5
247 229 4
324 153 3
323 424 4
403 353 3
239 433 3
169 26 3
128 434 4
28 222 4
405 304 4
94 448 2
131 36 2
256 482 5
101 152 3
442 285 2
241 111 1
71 31 5
30 292 5
435 242 4
7 382 3
497 430 3
47 90 1
500 275 1
37 246 3
332 399 4
367 479 2
380 190 4
294 375 5
169 379 4
270 378 3
492 155 1
151 194 4
449 395 1
360 232 4
324 176 2
12 344 4
54 417 4
175 488 1
418 119 3
267 160 3
11 54 1
387 487 2
231 89 2
142 392 1
176 194 1
382 426 4
96 460 5
316 132 4
10 261 2
65 348 1
108 100 2
295 341 4
32 11 5
187 307 4
343 68 5
453 138 1
367 320 4
226 91 1
19 120 3
8 38 4
76 242 4
48 190 5
167 461 5
414 134 2
353 66 4
485 175 4
195 456 4
106 301 3
6 495 5
189 19 5
282 487 3
249 94 2
138 37 2
358 454 2
387 110 5
8 57 2
489 343 4
460 19 5
58 242 2
361 330 2
213 8 3
424 78 1
303 357 5
266 227 2
381 396 2
219 82 3
367 30 5
166 89 3
493 453 1
303 388 3
146 16 2
433 451 4
30 56 2
218 47 3
361 194 3
348 144 4
334 469 2
11 43 1
432 338 4
209 95 4
368 114 1
250 349 4
96 475 1
448 489 5
254 155 5
212 409 2
60 380 2
405 101 5
439 392 1
395 499 3
202 222 3
231 179 1
319 298 3
365 142 4
126 282 3
60 260 4
498 44 5
100 247 5
18 58 2
307 295 1
66 426 2
258 99 1
149 31 3
287 255 2
402 491 3
235 205 4
222 75 5
17 104 4
177 392 4
151 471 4
496 305 5
320 234 5
435 222 3
186 472 4
376 469 5
226 52 2
31 168 4
339 343 5
475 183 1
227 66 1
276 214 2
101 2 5
395 311 2
175 28 4
326 349 1
314 337 4
493 315 3
392 468 4
470 112 4
338 154 4
58 158 3
65 343 1
390 45 5
15 283 4
355 17 1
351 52 5
65 457 4
27 84 3
146 216 4
73 425 3
494 283 5
447 260 4
34 306 1
436 179 4
183 307 5
4 130 4
322 474 4
474 376 5
129 323 3
318 8 4
291 142 3
452 339 5
423 79 4
295 392 5
69 447 5
191 49 3
428 234 5
289 79 3
41 11 2
319 208 5
310 222 1
320 307 1
230 199 3
371 110 3
101 156 2
191 84 2
233 429 4
424 72 4
62 390 5
187 432 3
441 362 1
329 32 3
213 25 5
57 169 4
139 296 3
233 68 5
489 282 1
57 357 5
219 50 1
108 105 2
51 362 2
296 436 3
410 346 4
9 197 1
45 305 1
472 269 1
489 233 4
129 289 3
475 249 1
200 183 4
250 279 5
97 255 2
317 204 2
350 478 5
138 225 5
213 484 4
131 365 2
340 231 5
102 391 1
68 18 5
161 468 5
186 37 5
167 211 2
300 100 1
170 219 2
363 283 4
475 368 3
231 447 1
272 30 2
392 471 2
53 317 4
161 442 4
115 227 1
183 316 2
265 198 4
2 454 1
72 316 2
449 372 3
149 221 5
360 349 2
1 102 2
1 173 2
436 246 4
481 240 5
343 409 1
53 39 2
486 292 3
375 164 4
372 17 5
147 51 1
151 168 3
481 30 5
407 285 2
198 438 2
365 4 5
86 383 4
204 257 1
107 305 3
493 450 4
393 83 5
149 479 2
78 105 1
218 363 2
56 400 4
112 366 2
458 192 3
331 399 3
130 484 4
328 42 1
201 371 1
27 19 1
361 45 2
339 20 4
402 146 2
362 329 3
441 421 3
209 146 5
61 410 1
430 188 4
470 383 3
439 19 1
488 385 3
224 295 3
276 336 3
291 160 1
472 301 5
402 430 2
316 198 1
289 163 5
87 275 2
410 329 4
321 228 5
23 466 2
362 43 3
409 217 1
393 239 1
437 37 4
484 75 4
106 132 5
219 193 2
487 357 5
209 136 3
477 459 2
258 160 3
493 120 3
249 197 2
257 375 1
287 398 4
203 249 2
105 462 5
146 266 3
193 220 3
5 106 1
323 364 1
244 65 4
445 364 3
481 446 1
106 248 3
321 235 3
221 140 1
288 25 2
345 70 4
326 269 1
153 270 2
263 178 5
325 401 4
238 333 4
65 238 5
212 490 3
427 253 1
55 30 5
343 259 3
124 80 2
488 481 4
113 76 5
489 167 4
439 46 5
464 370 5
153 157 4
296 317 3
27 177 2
449 77 2
251 304 1
260 228 3
195 277 1
225 144 3
80 374 5
255 138 2
430 69 5
196 321 1
144 480 5
389 203 4
100 302 3
212 321 4
420 79 1
198 233 5
56 299 4
199 251 4
285 36 2
471 274 2
159 39 3
238 322 1
293 160 4
327 137 2
216 223 4
204 8 5
182 300 4
125 53 5
305 370 3
134 206 4
93 106 2
80 195 2
151 11 1
467 81 4
344 99 4
383 243 2
215 173 3
472 302 5
80 329 3
160 339 3
426 87 3
25 230 3
427 474 3
332 152 4
254 243 3
487 157 5
161 31 4
399 318 4
498 233 4
383 309 1
102 31 3
271 171 3
147 222 1
101 288 4
73 475 4
115 11 3
141 275 3
93 334 3
149 170 1
495 211 3
11 411 5
82 68 3
34 119 2
390 129 2
195 364 4
460 175 4
461 64 1
315 376 1
366 498 5
397 14 5
400 55 1
166 146 5
319 216 1
498 32 4
180 367 4
491 31 5
363 12 1
44 289 5
461 84 2
122 28 5
362 417 3
37 399 3
362 308 1
145 300 4
24 463 4
468 440 4
351 98 1
270 486 1
183 87 1
392 71 3
144 250 5
50 25 2
141 467 5
82 369 2
447 31 3
456 86 1
14 489 1
246 127 2
222 217 1
339 473 5
268 51 3
93 178 5
171 71 1
426 211 2
311 110 4
10 431 3
32 325 4
257 315 1
285 369 4
90 49 1
343 462 4
53 358 3
299 470 1
110 128 3
68 241 4
238 70 4
58 500 1
178 252 3
22 202 5
169 304 5
133 379 3
500 500
257 383 1
233 53 2
98 483 1
90 420 4
241 128 3
5 403 2
208 422 4
472 169 4
201 86 4
279 488 4
127 59 5
353 218 3
50 124 2
181 109 5
399 282 1
410 147 1
66 55 1
64 351 3
174 85 1
157 189 4
177 422 4
356 479 4
257 406 2
133 232 1
146 66 4
299 104 4
441 252 5
285 219 5
433 27 2
335 446 1
300 463 5
395 52 1
387 454 1
66 357 5
99 136 3
428 299 1
443 317 5
392 363 1
323 89 2
226 141 1
288 142 2
124 439 3
248 413 2
169 489 2
242 272 4
268 415 5
307 383 4
131 190 3
17 328 2
439 300 4
363 500 5
127 58 5
313 43 5
384 208 3
234 240 2
13 344 2
28 348 4
113 194 2
86 256 1
313 477 2
52 50 2
358 247 5
459 462 5
198 184 2
214 120 4
165 303 2
290 65 1
381 307 1
204 449 4
236 221 1
244 399 3
231 476 1
352 399 2
162 32 1
277 5 3
208 349 3
19 417 3
366 422 1
140 90 3
394 452 2
456 258 1
81 126 5
175 77 1
103 494 5
409 324 5
370 28 4
499 98 2
431 209 2
208 305 1
253 172 2
422 124 4
70 494 2
327 120 3
198 145 4
406 133 3
345 125 5
219 229 3
221 63 4
330 265 4
3 230 3
339 356 1
204 4 4
465 112 1
412 310 3
129 483 1
252 141 2
174 380 1
46 270 5
399 11 2
107 277 1
147 104 3
400 247 5
398 448 5
482 139 3
258 304 3
357 105 2
151 214 1
91 36 5
322 245 3
25 39 2
463 470 1
36 53 5
271 240 3
471 410 3
310 233 4
500 427 4
176 16 1
316 395 3
182 200 4
266 45 3
59 41 2
256 86 3
234 432 5
349 190 3
344 357 1
311 71 3
189 157 2
293 112 1
207 61 5
450 327 3
368 155 3
61 373 5
4 380 4
440 457 1
192 364 1
238 193 3
168 352 4
492 117 2
86 469 1
375 399 4
253 410 3
185 6 1
133 191 5
416 280 4
371 169 3
478 68 3
65 226 4
360 129 3
187 367 2
448 436 5
42 371 4
49 473 3
334 189 3
465 216 2
440 375 3
246 464 3
278 464 1
259 367 3
87 257 2
395 383 2
289 221 5
358 58 5
44 140 3
326 1 5
54 390 1
119 10 4
477 241 3
218 211 3
390 150 5
30 228 1
490 412 3
185 70 2
449 228 3
355 159 1
57 496 5
267 75 4
166 179 4
457 129 3
280 226 1
425 53 1
49 307 1
216 94 2
160 36 5
52 56 4
393 316 3
150 320 1
413 229 1
216 197 2
75 419 2
142 207 1
281 494 3
434 484 5
471 252 2
112 45 2
273 58 2
294 339 5
311 166 4
284 328 4
390 10 3
104 417 5
439 326 3
333 204 1
103 115 5
394 296 4
265 459 2
194 241 4
216 289 4
447 436 3
258 162 3
274 389 4
159 442 2
340 356 3
494 246 3
417 212 5
479 485 4
409 472 5
275 399 4
279 277 4
433 1 1
339 417 1
10 201 5
124 286 2
343 90 4
252 6 4
333 189 5
369 45 1
109 222 3
175 315 5
205 248 3
163 157 4
483 168 4
130 302 2
487 124 3
119 382 3
249 455 4
418 83 1
347 171 3
466 92 4
437 74 3
438 369 3
421 441 5
291 132 5
267 405 4
245 412 5
436 14 2
470 35 5
36 412 2
343 450 2
13 10 4
92 461 5
272 203 2
366 69 2
241 335 3
305 313 4
370 463 2
86 240 1
144 281 4
82 137 5
170 163 3
11 490 2
345 436 3
141 144 4
259 359 3
183 180 5
366 191 5
306 33 3
364 495 4
300 59 3
489 492 3
352 193 4
161 435 1
339 353 4
478 273 1
269 358 1
298 200 5
359 145 3
449 54 4
80 322 5
186 494 1
26 14 1
21 301 5
101 290 2
26 180 1
58 73 1
266 203 3
378 46 3
262 474 3
185 412 1
467 76 5
125 379 4
378 282 4
22 199 2
186 279 2
309 413 1
334 460 5
491 494 1
93 191 3
43 312 4
112 395 3
253 49 5
52 238 3
99 435 4
251 360 2
323 388 3
338 233 1
84 318 2
473 294 5
327 14 2
338 230 1
205 97 2
10 139 3
206 173 4
69 491 4
309 485 3
251 175 4
471 452 2
82 14 2
283 23 2
398 447 1
172 309 4
134 97 2
267 17 5
372 18 5
145 323 2
322 123 5
476 265 1
137 301 1
258 456 2
123 30 5
334 26 5
465 500 3
236 325 1
240 442 5
156 298 5
180 172 1
24 137 4
32 447 4
228 485 3
280 355 2
89 64 1
87 94 1
168 188 1
343 283 4
155 425 2
96 20 5
462 189 4
135 393 3
133 171 3
32 365 5
190 384 1
346 426 4
475 455 2
257 373 1
188 320 5
208 96 4
392 350 3
183 166 1
97 107 5
456 174 5
244 386 1
424 158 5
375 100 5
407 393 1
163 6 1
281 163 2
142 234 2
407 289 4
387 202 4
32 200 5
245 143 3
155 24 4
180 186 4
20 462 3
119 492 2
282 90 5
129 156 5
351 410 4
250 312 3
47 93 3
263 1 4
462 267 3
158 163 2
228 363 1
222 89 1
421 332 4
320 448 1
389 219 4
3 43 3
158 191 1
496 87 3
266 273 5
318 192 2
281 291 3
14 398 3
123 191 5
232 244 1
178 369 1
133 32 5
485 157 3
413 434 1
18 311 2
75 392 4
71 20 5
133 357 4
108 215 1
314 211 5
278 268 4
149 160 4
488 375 3
367 32 5
173 475 3
65 79 5
306 184 3
48 318 5
221 206 3
441 245 4
357 29 3
54 308 5
361 283 2
29 482 5
143 214 4
290 402 4
500 333 2
98 386 2
173 267 4
251 44 5
47 153 5
483 188 2
160 172 5
46 275 2
393 58 1
245 325 4
239 318 5
410 91 3
334 151 5
267 200 5
396 440 2
213 344 2
392 252 3
106 39 1
342 355 1
255 118 4
446 100 2
493 197 3
245 12 1
274 8 3
471 251 1
24 222 2
97 41 4
272 106 1
115 485 5
451 448 5
318 431 5
282 27 2
409 142 3
314 56 1
128 488 5
214 341 1
440 419 1
445 322 2
403 244 2
204 23 5
64 30 5
331 495 5
469 22 1
289 49 3
317 66 3
252 208 4
460 357 1
69 488 5
488 212 4
468 483 2
277 96 2
355 170 2
58 151 5
413 301 1
35 475 3
160 281 3
430 302 5
72 252 3
166 172 5
421 296 1
91 444 2
225 177 3
490 311 3
157 366 2
314 399 5
269 114 2
299 330 1
195 470 4
500 500
194 178 2
386 121 2
135 145 2
172 405 2
138 478 2
439 364 3
159 18 3
266 262 5
453 497 5
218 401 1
188 234 4
433 181 1
141 215 3
127 42 2
10 304 5
456 319 5
205 441 1
45 306 3
104 225 1
121 498 2
301 390 2
200 435 4
282 469 1
436 71 1
285 20 4
122 404 1
256 228 2
162 63 2
390 366 4
299 148 2
64 287 3
177 3 5
344 70 5
223 295 1
152 437 2
472 498 5
119 377 3
217 374 4
143 215 1
253 228 5
366 369 2
53 96 4
167 78 5
210 139 1
37 195 2
198 472 1
32 424 4
353 424 5
407 175 1
464 179 3
214 413 2
250 185 5
108 380 2
458 331 2
492 454 1
196 409 5
393 299 4
224 172 1
265 366 4
395 46 1
83 157 1
181 9 4
355 58 1
325 474 2
265 412 4
299 261 1
411 119 4
98 244 4
111 366 2
112 232 2
195 401 2
190 28 3
436 146 3
67 371 1
304 227 5
442 399 2
251 332 1
213 451 2
63 67 4
26 5 2
499 201 4
186 477 1
431 160 5
446 153 5
118 464 5
173 229 3
118 364 4
435 75 4
107 43 5
287 242 4
172 275 2
141 97 3
28 177 2
459 482 3
58 392 2
284 279 5
483 141 2
137 251 5
296 103 2
452 2 4
330 92 5
37 240 4
398 301 3
34 359 3
349 121 5
176 286 3
309 13 1
145 9 5
247 135 5
189 51 4
297 207 4
262 357 4
21 395 3
284 126 2
88 487 4
444 490 2
464 148 3
4 90 5
233 148 3
3 47 3
199 159 3
195 30 4
275 476 2
500 456 5
317 321 1
137 117 4
446 224 2
403 166 2
96 208 4
74 489 1
232 417 5
118 345 2
22 441 4
437 10 3
109 269 4
470 483 3
18 154 1
438 357 5
60 263 1
311 4 3
483 90 1
59 93 2
38 23 3
411 149 1
282 127 3
447 298 1
69 190 1
312 104 5
13 324 3
447 320 3
430 423 1
309 389 3
352 199 2
123 327 4
157 162 4
52 194 2
196 107 3
254 40 1
414 75 2
458 77 3
370 262 4
442 437 1
349 331 2
63 31 3
188 88 4
263 35 2
11 230 1
44 370 3
66 484 1
166 408 5
76 421 2
343 216 4
445 411 1
10 444 2
73 431 4
243 227 3
88 490 5
263 76 3
166 400 1
361 66 2
423 409 5
359 443 2
37 469 2
131 237 2
494 255 5
107 38 5
246 363 2
272 120 5
94 17 4
94 102 5
243 319 3
477 237 4
29 499 5
373 254 5
456 7 2
19 48 4
479 493 4
227 350 5
413 448 5
150 418 1
377 28 2
152 382 3
356 316 2
22 151 3
259 321 5
478 108 4
310 382 3
293 401 5
49 375 2
64 182 3
323 401 4
500 304 1
24 133 2
463 353 3
309 286 4
367 391 5
273 98 3
102 491 4
9 3 3
397 450 2
375 286 1
242 76 1
340 361 4
325 375 4
35 150 3
375 355 1
410 153 4
296 447 2
1 184 1
294 483 1
482 375 5
75 489 4
144 109 2
436 377 2
286 247 4
348 486 5
273 276 5
36 430 1
426 174 5
37 213 4
72 264 4
58 134 5
188 86 2
289 443 2
108 478 4
280 408 3
410 426 1
248 459 3
270 253 3
210 445 2
288 445 5
34 123 4
7 463 3
493 292 5
438 381 3
376 309 3
166 444 5
8 201 4
45 228 3
380 169 4
444 50 5
404 366 3
79 230 3
491 269 2
165 304 2
198 399 5
113 51 1
148 56 5
1 141 3
500 201 3
161 141 3
395 361 5
246 290 3
276 273 1
405 154 2
339 182 1
81 199 3
281 99 1
225 124 1
382 153 1
84 303 2
221 438 3
310 233 4
292 363 1
337 174 5
351 440 1
80 170 2
24 321 1
101 33 3
407 323 4
459 332 2
271 89 5
365 421 2
288 124 1
7 11 2
422 241 2
263 313 1
486 109 1
461 95 1
199 354 1
145 90 1
172 497 4
126 476 1
463 491 1
142 61 4
72 162 5
194 65 4
215 122 4
42 440 4
79 194 5
30 6 3
9 193 1
235 225 4
444 80 2
83 220 5
119 103 4
187 285 1
473 400 1
7 158 2
328 325 2
253 25 4
426 271 3
198 118 2
347 356 4
204 19 3
334 156 4
235 173 2
444 308 3
455 295 2
439 490 1
102 139 4
217 471 3
39 325 1
70 102 2
429 468 3
297 273 1
368 440 2
261 259 4
227 272 4
417 499 5
442 217 2
172 78 2
312 219 4
170 68 1
420 419 1
443 268 4
195 369 5
475 283 5
271 338 4
363 494 3
90 316 1
348 259 2
428 407 5
103 459 4
100 181 4
6 61 4
444 427 5
170 286 3
330 151 4
69 84 1
183 440 5
499 187 1
168 128 1
493 252 3
472 157 2
134 329 4
440 247 2
354 238 4
268 364 3
334 258 2
292 314 4
384 288 5
230 119 5
399 314 4
44 362 4
347 492 2
133 152 3
110 126 4
434 24 4
47 254 3
497 315 2
144 24 3
202 403 1
160 434 3
268 187 3
88 200 4
443 405 1
20 89 2
259 189 3
445 166 5
197 151 1
342 276 5
497 233 3
125 293 2
363 217 1
200 484 1
255 370 4
419 17 4
32 186 3
221 169 5
111 292 5
116 300 1
457 492 5
269 334 2
9 4 4
29 334 3
157 144 4
286 78 5
208 466 4
5 245 3
92 482 1
243 152 4
167 379 2
104 121 4
191 393 1
220 473 3
369 371 2
183 450 5
197 415 4
331 447 2
311 289 1
15 173 5
344 323 5
250 468 1
16 433 2
188 38 2
79 159 4
57 153 2
367 176 4
369 22 5
163 41 2
358 8 5
424 162 1
24 373 2
318 345 5
24 140 5
5 238 1
17 278 5
324 166 4
57 406 1
161 430 4
416 255 1
221 491 4
45 190 4
231 218 2
351 274 2
344 340 2
61 278 2
289 57 2
189 285 3
136 321 2
258 25 2
67 26 4
490 6 2
469 125 1
431 473 2
434 469 1
252 308 1
372 266 2
455 431 5
43 217 2
15 185 1
469 129 4
159 79 4
382 288 1
347 99 5
268 424 5
199 56 4
368 148 5
110 328 1
277 266 4
480 6 3
126 447 4
405 53 1
201 187 5
371 178 2
248 2 1
465 109 3
306 53 3
490 378 2
160 406 4
344 34 1
401 134 4
421 13 3
441 489 2
500 227 2
271 359 4
245 318 2
254 417 4
55 494 1
305 373 3
137 196 1
160 130 2
382 246 5
321 138 5
73 4 5
132 469 4
48 280 1
6 2 1
428 199 2
500 500
103 144 5
319 150 5
492 61 2
58 277 4
131 326 2
463 132 5
45 426 2
295 180 1
127 277 2
314 191 1
35 306 1
128 55 1
191 467 4
464 410 3
75 304 2
188 42 3
219 197 5
271 372 1
317 332 5
78 74 4
399 102 5
263 405 4
138 146 5
306 218 4
371 469 1
313 152 1
487 357 5
425 164 2
481 191 2
257 486 1
295 210 1
499 278 3
214 312 4
147 345 1
467 408 3
357 210 4
127 36 5
83 110 2
59 153 1
388 385 1
257 366 5
417 162 2
313 439 1
401 41 1
161 313 2
81 276 1
30 104 5
82 385 5
423 404 1
302 93 5
393 80 1
366 37 3
81 461 5
254 369 4
404 70 5
306 164 2
344 253 1
39 46 2
143 467 3
28 406 3
441 110 3
437 399 3
267 287 4
296 361 1
371 145 3
393 434 1
216 312 5
317 95 2
33 227 2
85 291 5
223 205 5
422 453 2
200 232 1
298 357 3
86 104 1
60 450 4
143 195 2
347 276 5
27 185 4
453 114 1
239 146 4
439 301 3
328 28 3
302 224 2
139 26 4
142 106 1
438 157 5
93 64 2
75 34 4
305 386 5
405 134 3
389 374 3
361 106 4
313 180 5
291 178 4
491 79 4
356 86 2
14 176 4
160 218 5
403 46 5
266 477 4
117 452 5
189 2 5
381 235 3
103 56 2
440 325 3
259 385 3
322 4 3
396 284 3
182 61 3
337 497 4
27 241 4
329 30 1
76 25 1
174 478 2
373 134 2
253 68 5
378 461 5
312 199 5
430 284 1
256 369 2
458 432 5
336 192 2
52 309 4
353 114 5
179 21 1
154 39 4
164 290 3
455 220 2
38 172 3
182 1 3
422 310 5
485 363 1
248 315 3
494 323 4
252 164 1
217 76 2
296 353 3
96 91 5
401 6 2
233 144 2
295 433 4
356 445 5
401 286 3
415 332 1
181 8 2
331 356 3
63 191 3
376 221 4
114 116 3
158 39 1
27 401 3
343 361 2
87 449 4
265 476 4
306 186 2
400 72 5
365 443 5
340 441 1
483 268 1
458 390 5
288 90 3
245 76 5
299 19 5
263 214 3
377 489 5
121 493 5
425 24 5
36 32 4
17 126 4
409 388 5
425 385 3
273 250 5
160 235 4
340 465 3
436 208 1
263 220 2
267 343 4
434 205 3
425 56 2
336 432 2
287 436 2
320 82 3
158 186 3
93 251 1
188 104 5
176 98 1
198 449 1
358 110 1
141 136 1
78 77 1
487 485 1
47 296 5
409 457 5
208 374 1
249 26 3
159 272 5
240 410 1
294 236 3
83 486 3
243 139 3
68 31 2
465 202 2
420 392 4
225 444 2
339 439 2
446 120 4
194 100 4
495 232 5
250 105 1
424 141 4
70 371 3
364 156 5
247 233 1
435 411 4
457 153 5
276 18 5
60 38 3
445 439 3
32 250 2
396 458 5
101 254 4
71 158 5
342 107 4
145 263 5
289 213 5
168 420 3
317 282 2
254 54 1
65 7 2
178 327 3
297 216 5
174 369 5
393 5 2
349 84 4
73 287 5
444 80 1
83 61 3
97 331 1
236 298 1
338 261 1
2 59 2
321 213 1
35 126 2
240 183 5
472 196 1
43 407 5
350 216 1
181 142 3
145 331 2
79 161 1
97 114 2
122 90 1
392 19 2
335 409 4
98 416 2
91 38 5
340 343 5
37 407 1
222 47 4
292 92 1
172 166 5
120 347 3
104 460 4
112 66 5
371 47 1
113 290 3
465 54 1
500 23 1
244 357 2
249 285 1
398 310 2
307 421 4
30 364 1
181 119 5
7 245 5
362 99 3
20 151 1
90 178 2
186 452 1
497 212 4
288 230 2
432 246 5
96 16 2
299 439 2
434 360 5
34 106 3
261 429 2
495 209 5
381 27 5
263 316 1
456 493 5
20 2 2
485 164 5
320 448 3
440 451 3
187 19 3
183 234 2
289 108 5
394 214 2
53 22 1
214 387 5
131 447 4
387 164 3
340 263 5
75 225 5
484 81 2
131 402 5
275 338 5
313 251 1
450 320 3
66 121 5
162 151 2
400 392 1
154 176 5
202 388 2
160 58 4
332 162 2
273 469 4
417 30 4
216 413 5
268 40 4
473 217 2
396 137 2
402 271 1
25 66 2
378 93 1
470 125 2
398 16 3
145 237 2
268 22 4
408 34 5
236 387 4
18 139 5
174 25 2
53 107 3
88 108 2
460 465 5
421 361 4
378 223 2
85 306 2
66 177 5
234 12 1
188 211 2
161 296 1
475 324 3
166 105 2
14 75 2
488 485 3
300 424 1
275 341 4
431 327 5
453 194 1
91 42 4
204 176 2
13 74 1
83 465 1
422 266 3
395 407 1
348 281 1
393 300 4
232 137 2
152 109 4
230 266 1
305 355 4
46 481 2
498 55 4
23 44 4
426 91 2
271 9 5
229 257 5
236 235 4
84 60 3
340 19 1
30 331 5
373 469 4
43 386 4
85 138 2
31 488 3
345 436 3
320 461 2
180 301 5
76 223 2
443 52 5
320 323 4
200 451 1
184 348 3
399 136 4
315 110 4
454 362 5
302 290 2
43 248 5
136 271 3
353 257 3
335 28 2
336 318 5
143 46 1
484 361 1
307 184 5
184 211 3
220 224 4
133 233 5
180 36 1
22 375 4
251 8 5
5 391 2
327 44 3
337 68 4
210 202 2
204 64 4
107 162 4
94 143 5
7 361 4
482 443 4
217 90 3
429 180 2
296 456 3
403 212 5
13 361 5
447 240 3
321 152 2
468 32 5
7 49 4
314 170 5
323 382 5
104 390 1
382 338 4
138 395 1
70 363 3
319 167 3
394 165 4
202 200 2
409 176 1
477 424 5
190 323 1
7 45 5
19 246 3
158 487 3
208 384 4
399 108 2
408 171 2
118 411 2
152 257 3
117 308 3
490 367 1
412 224 4
368 31 5
181 224 3
185 249 4
162 40 4
271 8 4
136 137 3
405 85 3
104 414 3
10 393 5
287 431 1
22 72 5
348 320 5
448 413 4
174 296 2
335 124 1
471 75 5
74 213 3
299 18 1
93 395 5
245 318 4
422 304 4
23 411 5
460 130 5
212 361 4
201 155 2
245 493 2
179 177 3
479 362 3
103 43 5
131 232 1
136 150 5
182 170 1
427 94 4
475 320 4
67 479 1
239 44 2
77 159 4
127 79 4
32 103 1
374 154 1
92 345 3
441 239 2
229 105 1
206 178 3
475 340 5
469 462 3
486 108 2
228 486 5
303 429 5
172 182 3
180 323 1
178 224 5
137 384 3
31 469 4
500 500
53 147 4
190 423 3
378 444 4
410 19 3
297 172 1
73 182 1
476 286 3
347 110 4
254 461 5
482 364 1
358 26 3
179 375 2
362 306 4
338 255 1
448 236 3
459 386 2
94 272 4
387 274 5
8 319 3
47 473 2
352 150 5
386 268 2
113 144 5
345 379 1
222 262 4
466 18 2
393 453 2
373 420 3
162 146 4
163 150 5
479 252 3
255 33 2
358 247 5
184 67 4
460 396 4
377 349 4
92 102 1
346 138 5
115 488 4
370 270 4
151 370 2
13 361 2
423 117 2
288 51 2
370 41 4
272 426 4
88 269 1
317 3 5
466 225 3
465 484 4
371 405 2
359 439 3
239 498 4
255 408 3
415 485 5
244 200 5
348 66 2
416 465 4
11 359 2
497 175 4
353 393 5
339 28 4
406 449 4
181 324 5
219 478 2
441 246 1
148 348 1
212 238 4
101 234 4
75 331 5
250 99 2
151 72 5
28 280 2
359 24 5
166 108 1
290 387 4
419 1 4
153 273 3
51 140 5
177 325 2
171 82 1
139 275 5
51 259 3
128 450 4
171 18 3
328 285 1
228 330 4
195 59 1
458 222 1
68 14 4
142 119 3
159 391 4
51 56 1
299 32 5
371 368 4
131 498 1
403 424 3
431 272 1
49 113 3
487 245 1
205 215 1
392 73 3
184 98 5
330 405 3
383 13 2
447 497 2
404 413 4
23 481 4
325 1 4
115 242 2
410 448 3
170 382 3
130 165 2
38 134 2
251 56 2
382 277 3
88 335 2
35 66 1
107 463 5
433 272 2
429 456 4
374 300 3
321 498 5
94 476 3
283 215 2
346 35 3
195 83 1
5 363 5
368 114 5
392 72 3
493 302 1
369 170 2
487 397 1
387 354 2
417 266 3
261 109 2
263 383 5
93 306 1
427 416 1
127 188 5
311 460 5
286 447 2
205 184 2
108 155 4
246 275 2
206 167 3
163 246 5
260 253 1
24 44 1
450 82 2
160 169 5
97 145 3
475 471 2
141 349 5
358 228 1
375 432 1
311 16 1
42 408 1
424 8 1
313 115 4
24 265 4
447 280 5
98 99 4
48 277 5
84 185 4
33 470 1
166 486 5
73 482 2
497 67 2
70 20 2
10 86 2
116 474 2
293 53 4
228 294 5
139 500 3
16 77 4
353 99 5
151 399 4
359 46 2
330 324 5
477 87 4
399 43 1
487 81 1
231 130 4
413 47 5
83 340 3
189 28 5
86 353 2
470 78 3
490 480 1
313 227 4
162 487 1
500 428 4
456 397 3
304 185 2
332 345 3
308 322 5
182 413 3
470 7 4
370 181 5
123 414 2
68 95 5
468 375 1
229 134 5
273 412 4
44 247 2
222 201 5
457 193 2
91 241 3
304 466 1
466 497 4
347 12 3
471 265 5
295 168 1
239 494 3
215 355 5
26 500 2
4 394 2
42 410 4
428 225 5
125 185 1
385 45 4
65 280 4
497 330 5
158 56 4
204 233 3
3 8 4
314 258 5
371 383 4
269 60 1
236 177 1
68 288 3
240 248 1
96 54 4
206 337 2
370 245 1
14 217 3
368 130 4
426 489 4
209 31 2
408 225 4
294 48 2
436 339 5
156 294 4
485 236 2
323 167 2
302 103 5
425 217 5
52 170 1
366 374 3
216 98 3
236 3 4
267 249 1
390 249 1
153 439 3
494 9 4
225 228 4
31 397 1
83 304 4
133 385 5
96 487 3
154 181 5
464 315 1
351 289 5
354 242 3
442 266 5
20 463 2
236 325 2
480 254 2
182 79 1
316 285 2
54 167 4
95 136 3
428 202 3
61 468 2
40 148 3
248 360 2
304 58 4
110 462 3
239 112 3
345 206 5
223 169 4
84 137 2
190 56 2
45 338 1
387 350 1
72 295 3
177 320 2
345 201 2
256 128 2
180 53 5
69 493 1
487 387 5
405 446 1
323 490 4
398 113 4
324 99 1
389 151 3
2 65 3
158 141 4
252 490 5
17 315 5
295 220 4
430 468 3
2 137 2
67 412 2
240 245 2
407 169 4
439 407 1
216 259 1
94 144 4
379 103 4
138 432 4
152 174 2
276 263 2
70 379 4
167 239 5
46 450 4
18 390 1
13 230 2
108 284 2
115 217 2
484 475 1
343 30 1
74 50 5
329 55 4
383 107 4
366 346 2
162 66 3
376 227 2
352 16 2
8 358 1
286 253 1
186 407 3
1 210 4
374 492 4
174 243 5
227 347 2
312 310 3
38 31 5
487 301 1
58 471 4
396 179 1
105 320 3
185 200 3
364 442 4
16 250 4
226 487 1
52 107 2
256 55 2
317 188 4
389 408 3
60 339 5
408 335 5
63 222 2
429 230 4
426 309 1
264 158 4
320 329 5
325 248 5
368 97 2
117 276 1
10 231 2
425 289 4
282 159 4
354 12 1
383 367 2
22 237 4
103 259 4
399 48 1
475 329 3
164 420 3
399 354 4
482 211 2
333 446 5
112 478 5
234 368 5
300 388 2
199 7 4
490 24 4
385 73 2
52 304 4
160 237 5
400 167 3
377 212 1
479 494 4
97 454 4
358 229 3
237 203 4
105 164 1
432 251 4
263 295 5
10 145 1
408 185 1
105 378 3
149 102 3
471 481 4
463 199 4
87 267 1
204 257 5
479 133 5
109 207 3
463 418 1
139 361 5
234 395 4
311 176 1
203 47 1
185 111 1
11 183 2
316 63 3
365 399 5
380 172 2
188 23 3
465 112 3
392 307 3
428 354 2
118 108 2
302 226 3
13 448 2
415 355 5
45 471 1
28 247 1
60 242 2
272 269 5
347 59 4
436 154 2
81 422 4
215 272 4
176 173 1
193 239 2
337 499 5
368 272 5
157 382 4
87 450 5
466 88 1
220 198 4
149 237 3
64 362 5
335 308 1
90 349 4
323 231 3
120 16 2
459 414 5
438 371 4
259 127 2
304 359 1
48 8 5
212 319 2
408 351 4
203 154 4
339 424 4
379 115 3
230 93 1
386 373 3
335 187 1
257 271 3
451 351 3
459 411 4
39 202 5
156 452 4
438 462 1
233 337 4
283 322 4
295 414 5
245 349 4
470 411 3
146 92 3
431 80 1
217 34 1
478 287 5
17 407 3
144 150 4
275 338 5
464 35 1
103 491 3
352 342 2
447 435 1
67 494 5
329 298 1
140 298 1
333 132 3
443 163 5
95 281 2
420 154 4
98 453 4
299 17 5
10 248 2
388 125 4
111 148 2
339 387 5
449 407 4
255 333 1
237 224 5
242 251 3
470 370 1
148 11 4
11 212 1
346 395 2
285 32 2
396 43 5
500 500
260 220 4
40 465 3
132 101 1
84 401 1
209 320 1
335 420 4
218 110 4
320 85 1
379 162 5
374 191 5
131 142 2
221 313 5
155 68 2
370 297 5
357 63 4
443 459 1
331 399 3
345 208 3
140 402 1
423 315 1
58 499 3
121 31 5
357 208 3
269 4 2
48 275 4
369 67 1
232 402 5
303 119 3
223 444 3
415 422 1
77 360 2
254 302 5
38 234 5
142 395 1
92 186 4
333 54 4
204 151 3
139 54 5
321 203 2
240 31 3
290 253 1
180 64 4
57 392 4
493 61 1
461 258 3
276 84 4
57 162 3
179 443 5
90 319 3
222 145 5
226 65 2
17 181 2
124 131 2
233 339 2
33 197 1
494 468 1
133 391 4
273 96 1
321 13 2
460 218 2
138 148 2
437 420 1
452 6 4
282 285 5
145 79 5
489 142 5
187 258 2
59 48 4
492 481 2
79 175 4
218 68 2
364 376 2
223 326 1
341 165 1
455 104 4
182 102 3
96 396 3
37 260 2
195 159 3
82 161 5
203 390 4
370 208 2
80 81 3
458 32 3
278 342 5
427 375 2
342 467 2
130 250 1
230 488 1
55 131 3
416 417 5
47 177 3
31 1 3
256 477 1
416 165 5
207 225 5
247 274 2
136 400 5
258 253 4
218 297 2
486 218 4
290 453 2
335 394 4
369 214 2
427 302 1
62 148 1
450 310 2
175 240 3
479 136 4
453 416 1
68 122 2
85 314 4
350 6 4
452 85 4
297 158 5
194 478 4
10 246 2
111 10 5
281 193 1
12 477 3
152 123 5
301 459 1
14 8 1
392 322 3
175 319 2
500 272 4
256 430 3
266 210 4
137 284 5
456 35 1
64 487 1
314 424 4
61 71 3
417 260 5
170 119 2
83 82 3
346 358 4
418 235 3
129 238 1
4 415 5
86 350 1
76 289 5
182 118 1
283 126 3
230 333 3
364 213 1
401 71 2
370 188 5
386 419 4
453 449 3
336 31 1
28 326 3
99 207 4
226 44 3
318 192 3
244 114 2
5 133 5
173 70 1
255 263 2
307 483 3
91 342 4
380 310 3
494 495 1
16 453 5
13 88 4
49 82 2
149 130 4
194 138 4
496 261 3
373 161 3
173 212 2
41 487 5
45 107 2
421 231 3
282 39 5
333 208 3
188 422 5
39 482 4
93 446 2
416 399 5
478 326 3
285 176 3
489 442 1
200 169 2
222 248 5
123 174 2
233 287 3
110 353 1
84 376 5
254 355 3
491 460 1
302 185 3
308 269 5
456 330 4
147 187 2
302 364 3
122 129 3
372 253 2
250 32 4
1 186 5
456 187 2
300 447 3
322 296 5
66 365 3
77 291 2
486 6 5
192 413 5
67 416 3
300 173 4
276 79 4
21 25 1
62 249 4
164 119 4
186 187 1
455 86 4
166 469 1
211 102 1
479 162 1
322 158 5
394 467 3
319 296 4
397 6 4
91 163 1
34 283 4
390 203 2
57 46 2
348 129 2
174 336 5
481 313 4
471 19 3
439 48 1
353 213 5
303 176 4
138 192 1
155 357 4
272 487 4
288 114 2
53 141 1
396 401 1
409 375 5
382 347 4
131 469 2
416 262 2
319 139 1
174 150 2
221 89 3
255 207 1
343 28 4
436 39 2
329 74 2
363 388 4
76 291 4
235 148 4
390 354 2
259 251 5
331 483 1
178 286 2
187 124 1
270 335 2
197 225 5
449 322 1
115 411 5
20 34 3
466 81 3
247 4 2
499 193 3
452 213 5
490 449 1
353 472 1
91 383 2
200 454 4
426 18 3
161 425 2
37 86 4
148 259 5
392 23 4
126 363 4
293 277 5
319 42 2
87 302 2
338 333 3
259 112 1
67 300 3
18 78 1
338 344 4
489 246 2
353 107 3
262 412 3
22 76 3
233 285 4
258 381 1
463 50 4
308 485 1
40 137 5
96 279 1
129 178 1
112 437 2
38 419 1
287 87 2
197 185 1
260 113 1
155 391 3
197 406 5
437 339 3
387 102 4
446 477 5
129 66 1
267 159 1
451 207 3
169 386 2
324 200 1
449 444 3
317 156 2
17 197 2
361 342 1
133 167 1
96 142 1
76 154 1
283 40 1
192 33 1
443 410 4
429 87 4
150 373 4
295 113 2
490 144 1
183 103 1
304 189 4
321 206 5
202 246 5
490 126 5
55 305 3
473 14 4
252 225 2
164 17 5
474 419 1
27 494 1
151 60 5
356 398 4
388 468 3
78 359 4
304 160 2
454 299 3
365 481 4
366 364 1
291 113 3
374 189 5
477 263 4
136 463 5
237 420 2
206 170 2
132 471 4
391 365 4
49 272 1
36 183 2
483 317 3
368 416 1
407 46 2
441 56 5
213 231 3
454 356 3
27 46 1
296 273 4
42 43 2
245 463 4
326 172 5
494 18 5
337 103 4
6 255 2
22 10 2
407 219 2
18 206 3
385 270 1
106 55 4
207 370 1
122 376 2
322 92 1
67 403 3
96 59 4
490 437 3
372 192 5
490 327 1
391 230 5
108 119 2
312 65 3
9 259 1
69 285 5
269 166 3
259 106 1
49 293 2
200 268 5
257 326 1
140 429 4
88 249 4
248 428 3
29 237 4
21 60 4
81 178 3
249 24 2
41 39 1
173 462 5
36 157 5
54 260 4
322 470 3
106 4 4
245 500 2
156 150 3
303 86 4
337 117 1
136 239 5
357 387 1
106 90 2
339 140 1
247 435 5
296 126 1
323 189 5
391 153 3
497 342 2
381 12 5
160 189 1
419 56 5
375 264 5
189 70 3
195 338 2
95 337 5
465 192 2
497 465 5
27 163 1
14 66 5
286 439 1
302 108 4
359 398 2
255 70 4
325 351 3
350 220 1
198 234 1
88 26 2
388 423 2
189 191 2
341 251 2
71 335 5
176 396 3
13 182 2
15 185 4
109 210 1
395 239 1
199 138 5
362 441 1
12 397 1
354 426 2
148 8 3
243 113 5
280 4 3
115 414 4
137 324 2
111 35 2
7 372 3
115 154 2
128 446 3
94 206 4
471 328 1
328 259 5
167 55 5
74 269 4
57 72 4
205 447 5
259 260 2
488 309 3
284 459 3
72 424 3
78 217 4
127 110 2
91 205 3
62 486 2
337 332 4
326 206 5
256 183 4
259 181 1
498 278 1
16 106 2
179 397 2
252 370 2
186 298 1
475 366 3
403 65 3
193 136 2
383 385 1
426 456 2
136 5 3
136 483 5
249 103 5
312 209 5
153 178 1
492 498 4
490 239 5
122 356 1
32 132 2
180 14 3
72 444 2
85 275 5
212 467 4
500 500
144 391 4
299 179 1
77 400 1
463 212 5
18 182 3
361 160 3
398 237 2
135 470 2
226 452 4
436 450 1
161 157 4
52 268 4
179 491 5
214 410 1
484 72 3
343 383 5
50 359 2
135 41 5
471 10 2
489 397 3
61 204 1
427 229 2
74 312 5
71 192 3
306 227 3
102 162 4
15 266 3
434 334 3
55 247 1
194 150 1
137 457 1
280 258 2
393 71 4
233 279 3
144 269 1
146 493 1
244 47 4
77 427 5
341 339 5
215 211 2
241 471 4
373 242 5
485 66 4
338 252 2
104 140 5
225 275 2
234 476 2
417 430 2
13 97 5
65 448 3
194 272 5
140 104 1
263 81 3
459 283 3
216 187 5
205 363 1
473 220 2
283 123 4
150 324 5
440 294 1
144 387 4
341 409 4
500 469 5
378 477 5
290 354 3
403 256 5
375 372 1
67 470 1
84 229 5
392 360 4
101 242 2
38 462 4
431 4 1
209 410 5
265 64 2
347 435 3
417 353 1
390 214 1
40 360 4
128 119 3
43 155 2
273 350 4
371 107 1
299 362 1
212 16 3
92 178 3
153 146 3
208 410 4
173 495 3
377 329 1
361 286 4
86 347 4
228 13 2
108 119 5
333 389 1
193 143 1
400 23 4
209 166 3
498 194 2
360 343 2
302 409 4
407 224 5
179 360 5
140 484 5
321 293 1
124 254 3
492 396 1
153 217 3
39 339 1
391 434 4
412 122 2
400 345 3
24 73 3
92 427 3
299 47 1
148 443 3
382 152 1
159 186 4
79 297 2
415 117 5
299 329 5
421 482 2
367 59 1
448 490 1
27 341 2
400 124 1
441 179 1
490 408 4
126 349 1
31 373 4
497 102 3
415 402 4
214 199 4
129 102 2
102 132 1
268 120 4
86 283 1
327 2 1
458 422 4
226 356 3
210 273 5
77 320 5
424 225 3
66 212 3
427 111 2
32 39 5
197 251 4
69 50 4
291 406 3
272 242 4
44 220 3
50 69 4
263 491 4
201 380 3
373 88 4
162 303 4
474 344 2
133 269 1
72 313 5
167 488 2
197 365 2
85 117 4
45 222 2
345 425 3
372 205 1
476 499 4
24 390 3
246 314 5
303 471 2
280 250 2
228 157 4
460 78 4
91 287 3
411 87 5
384 456 4
213 5 1
209 408 1
95 302 1
185 4 1
231 44 1
85 220 5
207 470 5
125 64 4
294 481 3
424 435 2
423 325 1
61 352 3
56 14 5
267 369 2
426 486 4
202 58 2
276 320 1
212 436 3
263 150 2
261 95 1
430 117 3
160 106 3
301 430 2
171 246 1
15 238 3
15 375 4
73 394 4
417 278 3
172 224 3
252 174 5
379 24 2
182 218 2
346 487 2
245 310 5
72 448 1
324 162 4
38 449 2
218 130 4
239 119 1
9 84 3
339 213 5
314 266 2
154 336 2
122 457 2
269 306 1
412 401 5
204 182 4
370 366 5
472 3 5
168 100 1
298 208 4
289 316 2
358 130 2
182 211 5
163 444 1
236 461 3
318 389 5
279 348 4
321 303 2
381 96 2
58 478 4
127 21 3
78 302 4
308 72 5
236 450 2
147 308 4
339 221 2
133 377 2
166 213 5
472 446 5
373 161 2
110 308 1
159 61 3
371 268 5
378 109 1
352 297 3
375 121 4
499 391 3
411 69 1
114 170 3
111 190 1
248 106 2
484 144 4
481 127 5
9 411 4
26 362 2
480 372 3
155 333 2
419 54 3
155 262 1
376 127 2
228 261 5
462 420 2
438 121 2
147 262 5
440 459 1
404 443 5
361 429 1
72 373 5
64 32 5
267 215 1
73 479 5
372 491 1
62 164 1
461 378 4
144 461 3
15 291 3
324 224 4
244 493 2
10 399 2
486 421 2
448 480 2
102 391 3
481 382 1
323 392 1
434 385 1
475 350 4
152 463 5
1 419 5
416 408 5
23 305 5
118 68 1
498 171 3
167 75 1
92 149 5
407 253 4
255 287 5
320 44 4
232 484 3
192 319 2
340 120 4
361 435 5
17 120 1
387 298 3
369 161 2
306 156 5
114 379 5
304 244 1
177 460 5
312 31 3
66 127 5
83 214 1
274 171 2
393 342 3
88 64 3
479 139 4
50 101 4
279 46 5
124 445 2
268 228 3
41 184 5
334 369 4
17 287 5
348 352 3
36 176 1
121 134 3
324 306 1
176 446 1
382 394 3
256 166 4
363 76 1
331 20 3
301 255 5
373 484 2
35 421 5
325 401 2
56 361 4
422 173 3
308 76 1
296 403 2
373 451 2
379 226 3
311 322 4
380 203 3
115 361 5
344 51 1
333 168 4
485 11 5
421 299 1
496 381 5
363 369 4
238 192 1
265 60 5
43 100 5
14 67 4
454 141 1
492 324 1
218 195 4
434 199 2
459 167 2
467 3 4
386 205 3
274 488 1
295 453 1
361 144 5
47 453 4
131 47 5
82 360 3
321 500 4
178 81 2
23 157 2
395 381 4
37 336 3
74 333 2
92 488 3
467 19 1
92 367 3
451 59 3
458 300 3
452 485 1
108 166 2
350 187 3
282 350 4
458 64 3
37 231 3
36 121 4
325 245 3
148 414 5
180 20 1
67 6 5
213 180 1
366 84 5
191 329 3
84 145 2
387 201 5
355 298 4
315 348 1
27 426 1
435 45 4
172 125 4
339 89 2
425 14 2
234 415 2
127 305 2
479 127 4
359 243 2
229 283 5
226 329 2
354 376 4
428 166 5
446 298 3
331 296 4
404 403 5
32 291 1
191 111 2
469 210 4
73 172 5
308 300 1
179 349 4
449 189 1
91 165 1
235 259 1
35 277 5
51 406 2
286 368 2
443 158 1
170 216 2
9 459 2
451 347 5
46 465 1
401 237 3
38 475 3
54 245 3
244 291 1
57 197 5
12 268 1
2 12 4
421 37 2
94 72 2
35 494 2
384 229 5
28 80 3
434 41 3
190 494 5
443 496 4
446 370 1
455 25 2
405 14 3
164 367 3
462 441 1
315 284 1
377 220 2
317 329 5
334 265 5
482 129 1
237 196 3
367 333 4
155 408 1
446 65 1
417 196 2
497 182 4
6 76 4
299 141 5
340 47 2
356 23 2
307 420 3
488 56 4
447 19 1
34 207 4
280 482 5
483 303 4
168 324 3
459 338 2
391 266 1
101 38 1
102 161 3
91 290 2
73 360 4
167 264 2
259 171 5
442 193 2
341 37 2
45 65 5
454 192 5
430 118 2
48 309 5
488 477 4
299 363 5
448 496 3
16 24 4
471 346 2
44 97 2
465 443 4
50 55 1
378 222 3
500 500
449 379 1
307 461 2
322 145 5
48 46 5
59 76 2
435 212 5
220 396 5
208 175 3
240 438 2
499 61 2
420 122 1
104 334 3
39 331 3
27 46 3
119 233 2
457 276 4
444 229 5
69 182 5
122 211 3
414 348 2
53 397 3
262 314 2
414 110 3
35 305 5
147 178 4
78 224 3
465 84 2
450 373 2
357 234 3
104 108 4
291 244 2
58 463 2
207 235 4
112 3 4
252 330 5
337 153 5
377 112 1
162 275 3
26 401 4
401 73 5
71 97 2
456 385 1
228 342 2
294 450 2
60 242 5
255 58 5
382 108 5
10 205 2
14 33 5
71 325 2
213 123 3
81 154 4
296 267 4
54 235 2
155 318 4
460 481 4
260 265 3
416 482 4
471 334 1
78 429 4
485 198 5
485 475 5
23 388 1
63 151 2
113 78 4
134 242 4
119 20 2
270 492 3
397 347 3
461 92 5
341 493 5
261 301 3
124 484 2
41 236 5
492 449 4
351 437 2
398 123 5
427 216 5
230 137 4
450 486 4
86 82 3
497 259 4
342 305 5
67 198 3
327 214 3
276 71 2
103 462 4
431 460 5
454 85 4
120 317 5
282 353 1
84 82 5
392 395 1
311 137 4
329 186 3
109 349 4
371 140 2
170 465 2
333 149 3
135 400 1
258 61 5
426 495 5
278 45 2
462 195 5
429 120 4
139 438 3
153 367 5
500 316 2
388 466 2
364 410 2
13 22 3
41 184 5
81 240 1
70 227 4
432 161 5
310 84 1
477 174 4
218 364 5
195 57 2
320 488 5
268 253 4
118 109 1
430 101 4
219 77 5
137 119 3
400 91 1
181 76 1
400 378 4
257 38 4
144 257 4
298 139 1
441 208 3
4 326 1
372 468 1
55 165 5
30 207 1
189 467 1
429 12 4
374 172 5
208 142 5
95 491 3
296 202 1
69 149 4
355 115 4
433 360 3
363 390 3
373 363 4
149 180 3
83 403 2
203 77 4
142 429 4
403 99 1
432 489 1
23 328 4
307 35 2
323 72 4
376 287 4
364 395 4
132 32 4
38 99 2
401 75 3
468 196 3
178 415 2
337 28 5
23 75 5
194 74 5
260 299 3
454 80 1
176 416 5
232 418 5
263 159 4
468 226 1
189 181 5
323 89 3
352 11 1
81 416 1
113 120 1
212 127 5
233 438 3
171 73 4
400 35 2
102 68 4
53 100 2
162 301 5
35 39 5
315 232 2
140 377 3
159 151 3
270 65 2
404 364 2
25 184 2
418 285 3
252 380 2
267 402 4
483 353 1
220 374 3
418 243 2
144 39 5
478 147 1
168 386 3
463 40 3
448 452 1
475 190 3
48 58 4
337 102 1
367 138 4
164 275 3
59 348 1
137 336 3
256 126 2
261 113 3
39 205 2
442 486 1
404 137 5
184 395 4
377 467 2
439 338 2
307 2 2
36 88 4
17 387 1
55 324 3
207 295 4
10 390 1
241 123 5
62 15 5
240 127 2
461 84 3
344 281 5
297 436 2
376 308 2
36 235 4
232 115 3
292 285 3
341 233 5
290 349 2
146 39 1
133 151 2
231 186 3
81 221 4
382 475 5
493 68 1
444 472 1
317 46 5
172 402 1
234 249 5
392 90 2
407 499 3
261 490 1
76 427 3
323 225 4
370 300 3
482 198 4
425 54 5
380 432 3
458 32 4
115 137 1
420 83 5
38 84 1
421 351 2
392 350 4
358 371 3
221 191 1
104 439 3
303 455 3
480 258 4
310 145 5
301 122 2
149 48 1
244 476 2
492 91 5
39 431 3
90 343 4
87 124 4
388 3 3
27 374 5
493 350 3
182 486 3
397 122 3
283 494 2
481 58 4
301 319 4
197 489 3
258 438 5
459 356 1
173 325 1
419 192 4
262 276 4
56 11 3
381 9 4
319 296 4
181 391 5
434 444 3
103 283 2
391 19 2
150 295 3
379 62 2
333 400 2
324 475 2
129 384 5
251 357 1
268 469 2
197 441 5
159 27 3
236 442 2
414 75 5
372 384 3
108 289 3
163 313 4
428 147 2
388 321 3
339 414 5
341 215 3
178 266 3
375 465 2
24 50 5
136 92 1
231 287 4
309 166 2
249 20 5
360 413 4
417 249 2
361 65 3
434 167 2
39 344 4
69 63 4
407 220 5
80 367 4
10 448 2
201 326 3
208 309 2
464 260 2
453 263 5
455 291 5
103 46 1
345 262 3
270 283 5
207 434 1
312 151 3
225 282 3
110 480 4
429 23 1
355 95 3
312 204 4
41 425 3
240 423 3
67 495 4
268 50 5
164 287 1
374 411 3
325 338 2
188 433 2
32 340 4
293 250 1
229 225 1
453 448 4
34 213 2
260 457 4
32 415 5
310 166 2
171 424 2
409 308 4
441 440 5
325 470 1
275 58 1
67 33 1
373 356 5
134 114 2
126 353 4
480 420 2
201 20 1
215 385 1
202 233 1
278 30 4
256 114 4
278 437 1
461 426 1
202 326 2
52 254 1
451 392 1
92 95 5
396 256 5
38 238 1
455 91 3
294 376 2
112 259 5
55 204 4
412 480 1
5 492 4
278 467 5
395 497 5
100 249 5
425 424 3
183 425 2
324 439 4
97 16 5
191 300 3
7 411 4
217 65 2
143 171 5
78 468 3
27 116 4
432 58 1
306 17 3
18 199 4
307 404 1
174 464 1
467 314 2
141 212 3
373 484 1
307 330 3
393 303 1
7 338 2
485 437 2
146 324 2
325 45 3
58 358 3
257 312 3
155 444 1
34 225 3
176 412 3
9 491 2
28 262 1
472 466 1
53 151 1
297 139 2
93 311 5
65 108 1
269 395 5
28 382 1
12 163 4
17 229 3
494 188 3
404 31 4
134 176 5
279 93 1
463 280 2
272 137 5
45 286 1
428 119 1
193 67 4
109 265 2
426 280 3
349 66 1
27 107 1
333 205 2
127 122 4
466 262 3
70 467 3
222 458 3
390 386 5
445 133 3
86 445 5
39 385 5
156 401 4
337 26 5
140 304 5
66 158 4
198 171 2
259 293 4
409 109 4
197 193 2
106 38 5
100 124 5
288 317 3
468 319 2
162 444 2
306 11 4
48 72 4
129 422 5
281 197 3
341 211 1
414 445 5
350 97 2
283 4 1
65 197 5
270 178 5
479 347 3
133 411 1
197 6 4
313 88 3
360 9 1
485 432 1
84 155 2
98 339 4
190 223 3
64 459 1
481 427 1
146 468 1
435 249 2
258 382 5
325 348 4
151 195 3
104 465 3
62 140 5
32 416 3
47 288 1
15 254 5
488 196 2
479 469 2
347 95 5
500 500
222 478 1
416 236 2
402 280 4
35 392 5
313 263 5
33 334 3
399 71 4
170 238 4
313 83 2
379 191 5
304 21 5
199 428 5
90 187 1
381 456 2
415 352 4
418 82 2
412 120 3
440 327 1
242 195 4
241 121 5
431 194 4
293 58 4
78 93 3
311 165 3
312 277 4
77 134 5
220 498 4
208 52 2
384 441 3
340 102 4
23 411 2
395 345 5
11 5 4
260 44 5
462 305 2
208 312 3
218 405 5
188 66 4
103 258 4
109 189 3
2 102 2
133 403 3
313 428 2
69 187 4
25 403 1
497 417 1
106 127 2
433 162 1
263 77 1
499 250 3
128 264 1
396 261 2
127 172 4
367 326 4
150 136 3
444 167 2
41 437 5
323 99 3
73 452 4
406 450 1
83 52 3
191 40 4
141 194 2
75 201 2
152 416 1
37 41 5
150 395 2
162 287 5
108 189 5
229 333 2
339 139 2
496 109 1
458 419 2
241 283 1
177 314 1
275 218 2
348 113 3
397 246 2
138 97 5
222 454 4
421 52 5
134 31 2
33 424 5
440 48 3
482 282 1
269 97 3
42 32 2
204 24 4
267 126 1
435 369 1
239 292 2
302 381 3
406 391 1
435 469 4
162 458 5
240 105 2
373 129 2
168 142 2
210 93 4
181 216 4
49 98 4
199 401 2
96 151 2
365 125 4
250 77 4
251 256 5
134 63 4
84 148 5
344 177 3
54 90 5
486 203 5
383 461 3
138 149 3
353 23 1
306 183 1
401 173 5
110 13 1
495 277 1
149 373 1
427 250 2
377 410 2
454 50 5
12 363 3
345 266 2
402 90 3
41 188 1
202 275 2
160 150 1
9 102 2
199 46 4
346 411 1
126 401 2
325 57 2
33 152 4
154 386 2
29 79 1
451 6 3
493 350 3
272 364 4
256 337 3
458 161 3
230 322 1
309 302 2
415 418 2
8 75 3
404 148 5
147 336 3
102 120 4
131 53 5
481 299 2
264 297 4
306 186 5
125 292 5
58 493 5
293 341 4
497 242 4
11 419 2
394 177 3
365 222 3
87 43 1
345 4 4
77 234 4
166 398 1
362 468 2
226 325 4
32 172 1
446 417 1
410 488 5
478 323 3
239 402 3
359 199 2
462 262 1
60 6 3
307 371 4
334 88 5
201 298 2
180 77 4
443 497 3
346 380 4
116 350 2
403 324 4
495 325 2
288 430 1
297 379 5
226 28 5
106 369 2
176 377 5
36 123 5
485 170 5
369 20 5
394 347 4
262 448 5
307 129 2
180 173 5
256 98 5
176 240 2
432 210 1
340 166 3
400 304 4
258 328 3
3 89 4
326 53 2
321 470 2
9 223 3
142 19 3
120 440 4
132 485 4
371 153 5
270 198 1
317 184 3
187 402 2
429 310 2
188 49 1
229 336 1
275 177 1
249 315 3
71 72 4
459 93 4
448 323 1
411 305 2
257 499 2
464 48 5
289 348 2
22 205 4
320 485 4
492 110 5
50 209 2
440 402 3
366 269 1
95 374 3
463 84 1
432 186 3
49 410 3
221 468 3
364 27 1
169 52 2
266 1 4
87 312 5
51 271 1
293 23 4
128 313 2
32 30 1
385 169 2
236 199 5
64 418 5
1 473 1
472 80 3
324 228 4
461 37 5
72 400 5
1 81 4
465 64 5
381 383 2
128 333 2
354 61 1
225 110 1
72 8 2
122 153 5
87 313 3
202 358 5
185 101 1
231 145 5
414 144 4
152 412 3
386 79 3
346 215 4
498 413 5
354 118 1
321 499 4
209 149 3
496 416 5
205 30 1
284 375 1
237 282 1
57 297 1
20 180 3
128 206 2
319 403 5
272 100 5
287 305 3
464 397 3
319 485 4
496 27 1
328 51 2
64 129 2
175 253 3
122 437 5
220 347 5
308 297 2
220 274 1
373 155 1
471 202 2
301 81 5
238 451 5
422 378 5
438 12 1
458 97 2
278 497 1
128 6 1
77 307 1
218 397 1
42 311 2
494 186 4
377 130 5
367 382 1
348 130 4
167 333 3
385 39 4
372 141 4
427 193 4
436 112 4
387 163 4
244 331 5
499 428 4
59 281 4
494 137 2
426 110 5
484 381 4
341 356 4
466 330 2
461 336 5
23 427 2
42 357 5
390 383 3
171 379 2
457 288 5
289 283 5
38 83 3
294 232 1
9 344 2
124 372 2
426 300 4
260 232 1
297 56 1
144 229 2
276 232 1
453 384 4
349 368 2
84 330 1
275 449 1
160 469 2
120 99 1
295 236 1
171 421 4
78 37 3
428 73 1
40 422 2
133 273 5
35 282 3
325 249 5
434 114 1
119 345 4
82 277 1
177 78 5
425 236 5
477 29 4
332 50 3
68 327 3
145 149 1
345 399 3
54 343 1
499 18 2
89 24 3
249 301 2
223 219 3
303 457 5
268 262 3
84 287 5
129 126 3
328 478 4
46 475 4
401 125 2
380 499 5
303 498 2
355 400 5
108 83 2
42 418 3
294 393 1
331 16 2
267 218 5
187 59 1
455 232 1
446 328 1
428 192 2
152 452 1
312 149 3
31 207 4
83 279 2
143 163 4
54 417 5
491 442 4
282 482 2
449 132 4
420 121 2
212 297 5
162 373 3
459 474 4
392 413 3
392 28 3
141 48 4
396 144 2
157 318 4
52 362 3
453 125 4
484 185 5
164 46 1
314 16 3
488 78 5
255 117 3
17 374 3
490 184 5
41 117 5
405 75 3
13 422 3
258 161 5
213 157 1
474 28 2
335 406 1
294 424 3
483 191 4
307 473 3
192 326 5
130 429 4
342 332 4
159 33 2
85 428 2
199 112 3
244 54 1
68 238 4
171 358 1
325 226 5
179 494 4
241 411 5
69 26 1
103 401 3
181 151 2
76 54 3
462 38 1
137 224 5
366 97 5
22 140 4
290 385 3
91 101 3
3 105 5
247 322 2
248 456 1
211 180 2
440 122 3
321 39 5
70 160 1
13 306 3
211 286 5
241 34 2
247 423 2
342 316 5
14 29 2
322 436 4
69 288 5
95 417 4
41 238 4
52 373 4
407 262 4
214 171 4
75 109 4
443 247 5
191 436 1
247 307 2
356 296 2
482 458 4
120 376 1
415 47 5
402 470 3
79 27 2
146 473 3
273 25 5
278 416 1
52 496 2
169 388 3
220 259 3
74 277 5
77 442 5
372 108 1
135 329 5
18 370 5
202 415 5
188 71 5
493 8 3
97 462 3
138 99 1
410 226 2
453 319 3
91 265 5
364 177 5
298 277 3
110 385 3
146 451 5
271 387 3
459 260 4
48 81 1
242 177 2
500 500
184 488 4
120 2 3
330 478 1
340 108 5
387 446 1
212 52 4
212 315 2
19 184 5
382 132 3
266 63 1
242 50 3
298 365 1
346 325 3
71 383 3
47 14 1
487 357 5
197 404 4
334 340 4
303 383 3
10 155 1
269 81 3
19 126 1
96 204 3
201 149 5
311 169 3
392 192 5
336 291 4
180 244 5
340 145 5
201 319 2
305 240 3
180 369 2
198 31 5
174 328 5
14 400 4
374 451 5
208 142 2
75 413 5
326 197 2
250 143 5
386 134 1
376 333 5
83 100 2
161 45 1
435 413 4
407 239 3
424 54 3
37 178 1
337 329 2
120 270 1
137 64 1
111 212 4
55 182 3
92 254 1
171 330 2
440 406 1
227 63 4
114 248 2
52 296 3
210 219 4
480 497 2
154 63 1
105 172 3
53 493 1
159 392 2
387 399 2
52 35 4
270 348 3
209 315 1
28 43 5
478 407 4
227 94 1
165 107 5
91 426 5
481 5 5
453 418 1
28 189 5
432 247 1
439 393 1
7 36 5
234 337 1
290 251 3
77 104 3
393 208 2
248 206 4
408 233 2
231 78 2
278 12 1
140 271 3
482 41 5
218 441 5
487 41 1
253 283 5
493 410 2
165 437 1
65 189 3
167 295 4
213 376 5
484 377 4
111 156 1
148 254 3
30 308 5
160 126 3
131 369 3
488 143 3
59 218 5
460 303 3
476 448 4
387 352 2
446 75 3
59 387 1
243 176 3
157 431 2
451 333 3
19 76 5
117 27 3
25 67 2
154 272 2
19 269 1
402 352 3
83 404 5
355 238 3
103 28 2
37 304 3
383 410 4
36 497 1
434 236 4
382 86 1
354 109 4
102 42 4
380 474 3
47 199 2
3 485 5
328 98 2
32 139 2
316 113 1
307 340 1
110 168 5
312 86 5
238 20 1
155 154 5
162 164 1
160 213 2
383 271 1
483 169 2
125 323 5
340 203 3
41 493 4
52 497 4
208 252 3
414 324 3
68 141 2
290 394 1
74 468 1
145 457 3
27 156 5
88 174 2
115 52 3
500 434 4
383 253 4
101 275 4
464 74 2
369 342 1
90 199 1
77 34 3
346 29 3
437 186 5
135 390 4
130 382 3
180 413 4
360 212 1
470 176 3
144 395 1
316 452 4
105 147 5
104 32 4
403 262 4
225 405 4
448 79 5
278 34 3
163 484 1
433 474 5
237 275 5
403 90 5
215 491 1
414 28 3
385 106 3
368 203 1
492 84 1
175 314 2
37 139 3
67 119 4
458 374 4
489 48 5
382 165 3
168 248 1
236 177 1
100 180 5
124 52 5
161 478 1
20 105 5
449 283 2
375 78 1
40 24 2
50 297 1
417 452 2
340 102 1
115 262 1
138 287 1
220 425 4
42 388 1
316 58 3
418 205 1
75 80 3
355 370 5
151 43 1
174 259 3
111 219 1
390 434 1
453 219 5
283 97 5
248 332 4
224 484 2
347 28 5
99 352 4
479 150 4
424 355 5
324 349 4
498 188 3
389 32 1
149 396 2
177 344 4
214 252 1
217 205 4
201 151 4
351 164 4
361 188 3
152 155 5
335 207 2
11 366 1
100 225 3
104 233 5
2 357 5
170 304 4
181 114 5
278 383 4
69 49 4
183 69 2
394 397 1
250 331 3
413 149 1
354 441 5
249 272 1
430 382 5
378 375 2
379 149 3
128 464 4
261 390 1
209 359 3
112 7 3
301 49 2
274 444 2
143 42 4
204 32 2
87 289 5
45 267 2
191 113 5
49 111 1
453 86 1
299 331 3
123 369 5
261 494 5
60 54 2
375 291 5
248 311 4
278 281 5
500 210 4
288 406 5
287 29 4
367 463 5
24 463 1
197 141 1
193 389 3
131 169 1
210 314 3
480 127 2
151 306 2
457 445 2
478 425 4
111 23 5
7 389 4
470 83 4
199 448 1
455 430 3
84 494 2
477 414 4
332 422 1
323 120 4
392 81 2
381 470 3
446 266 3
224 4 1
179 428 3
300 100 5
319 219 2
347 417 2
241 321 5
350 1 1
323 6 4
399 305 5
237 348 5
460 377 1
47 223 1
194 17 4
286 412 4
352 410 5
150 250 4
162 319 1
114 132 2
207 472 2
288 369 1
74 444 1
238 191 1
344 350 2
334 80 4
267 30 4
34 60 1
296 359 5
221 464 1
129 366 3
292 250 4
66 361 2
444 165 3
291 103 5
429 404 4
224 48 2
328 176 5
282 122 3
440 25 5
463 324 2
222 93 5
135 341 5
91 172 3
493 395 3
448 454 4
380 228 1
444 395 5
205 425 3
357 92 1
222 328 5
201 389 1
381 138 1
291 42 2
376 263 2
364 171 2
44 423 3
208 345 3
231 425 3
2 372 3
478 118 4
297 36 5
414 392 5
148 157 3
437 152 2
499 177 5
325 139 5
487 481 2
150 240 3
336 456 4
263 353 2
273 316 1
165 341 4
489 196 3
418 246 4
32 164 3
314 362 5
22 132 3
11 12 3
372 237 4
6 311 2
191 157 5
210 371 5
230 342 4
466 104 4
27 97 2
263 95 4
475 369 3
55 77 1
304 392 3
419 458 4
363 163 4
194 392 1
268 416 4
50 102 5
34 410 3
83 299 3
495 6 3
66 461 4
194 403 2
225 218 1
22 57 5
251 32 1
400 341 5
392 258 5
149 177 3
26 291 2
145 60 1
364 121 2
254 213 3
79 38 2
477 135 2
115 53 4
44 492 3
339 30 5
294 9 3
38 53 1
323 475 4
34 223 5
430 199 2
177 291 1
113 132 1
466 26 1
399 379 3
81 351 3
87 205 4
457 80 5
76 348 4
446 117 2
200 191 4
38 181 2
126 87 2
494 101 5
211 158 2
428 110 1
318 470 2
68 217 2
228 387 2
295 197 4
282 224 3
31 324 1
23 401 4
268 495 1
351 353 2
283 114 1
224 169 2
36 349 5
136 20 1
402 325 2
404 334 4
57 301 4
49 315 2
110 402 3
285 457 1
405 261 5
100 318 4
14 433 2
62 151 3
43 402 4
250 268 2
43 443 5
406 284 2
20 194 4
42 404 4
488 114 1
222 238 1
295 259 2
350 76 2
33 127 4
171 48 5
390 127 3
159 288 4
425 316 4
434 24 5
406 453 2
6 54 5
264 161 3
291 353 2
286 379 1
74 54 2
289 145 3
261 475 1
172 300 1
425 169 1
490 206 2
91 204 5
399 282 3
387 427 3
5 462 5
268 450 5
45 348 1
454 166 3
394 169 3
181 78 3
357 300 1
372 478 3
187 251 1
96 455 3
113 31 2
500 126 2
211 487 5
500 500
286 192 4
287 454 4
79 481 5
240 456 3
86 378 5
458 314 2
375 151 4
368 273 4
317 212 3
153 469 2
170 259 2
384 411 1
42 46 4
439 468 4
181 231 4
49 82 2
243 97 2
394 61 2
244 386 5
43 224 3
290 85 2
381 185 5
70 65 3
51 90 5
449 372 4
241 28 3
222 357 2
340 86 4
365 59 4
53 49 1
229 354 1
30 307 3
38 251 5
482 441 4
295 446 3
24 224 3
152 31 4
455 40 1
269 100 2
100 175 1
339 309 3
108 175 4
453 351 5
110 421 4
280 366 4
258 221 1
189 383 2
282 367 1
177 474 4
108 76 3
79 119 1
311 29 5
111 402 2
153 320 4
134 50 3
193 356 3
295 54 5
479 206 4
41 105 1
130 362 2
344 207 1
331 399 3
292 373 3
453 21 3
281 374 5
78 141 1
475 138 3
92 152 1
100 410 2
489 457 4
253 212 3
429 99 1
491 396 1
340 28 3
183 242 2
447 207 5
411 25 5
94 95 1
494 421 5
3 42 5
73 298 4
465 88 5
427 175 1
170 176 1
132 231 1
116 66 3
440 29 5
194 429 4
175 72 3
145 397 4
424 466 1
418 65 2
361 363 5
425 357 3
241 118 5
58 400 1
152 136 2
267 31 4
110 452 2
421 221 3
300 476 1
190 437 4
78 405 2
346 282 4
84 253 1
120 160 4
325 308 3
5 246 2
141 366 3
303 43 3
496 230 4
103 138 1
115 54 1
405 345 3
181 495 1
429 188 1
407 334 5
450 326 4
465 25 1
137 364 1
500 199 5
205 201 2
149 115 3
421 489 1
96 141 3
361 424 3
321 115 2
4 220 2
87 492 2
396 239 5
33 421 1
483 159 1
414 128 3
199 375 1
391 185 3
365 104 1
466 150 5
420 139 5
438 201 2
260 238 4
39 446 2
493 276 5
136 81 2
441 354 1
236 111 4
385 257 5
165 278 2
19 48 5
30 312 2
449 319 3
164 189 4
311 204 3
126 145 1
157 314 1
369 293 3
455 300 2
372 394 3
68 394 3
85 86 4
25 19 3
365 5 5
470 366 2
298 398 3
55 3 3
201 457 4
190 170 5
18 45 2
202 474 1
21 484 3
322 493 5
395 24 4
25 378 1
121 82 5
3 261 1
330 346 1
224 16 3
307 464 3
209 323 2
389 108 1
257 263 3
108 60 1
215 411 4
415 111 5
346 222 4
159 134 1
235 36 4
406 29 2
101 389 2
447 408 5
430 214 2
400 217 3
333 495 2
399 132 1
251 113 1
168 336 4
302 301 4
133 432 3
147 467 4
28 445 1
390 362 2
40 303 2
80 50 3
24 195 3
207 171 5
247 462 1
247 3 3
5 458 1
268 128 4
226 424 4
44 58 3
324 240 4
347 1 4
166 233 2
456 207 3
92 373 1
9 353 1
41 152 3
75 5 4
23 230 1
291 199 3
354 85 5
430 287 1
94 69 3
480 11 1
297 461 3
121 423 3
179 432 1
24 197 1
270 232 5
429 189 4
468 39 5
444 156 5
377 123 2
486 476 2
347 154 5
251 336 5
196 246 5
58 290 5
364 42 4
48 1 1
144 200 4
51 293 1
412 101 3
386 388 4
434 183 4
150 304 5
284 497 3
92 148 1
215 290 3
473 151 2
470 39 4
396 290 1
389 338 3
258 217 3
286 343 5
66 76 1
307 339 4
324 381 3
293 373 3
140 339 4
207 315 1
404 199 2
136 153 2
254 87 5
340 200 1
63 32 2
463 65 5
131 260 5
183 269 5
31 431 3
470 422 2
159 173 1
335 105 3
44 286 5
310 244 3
404 198 4
364 176 1
186 76 4
404 491 1
120 140 1
307 66 4
93 464 1
283 294 2
9 197 2
316 14 5
376 147 5
145 330 3
422 195 3
421 161 2
119 15 3
267 329 2
74 37 2
492 189 3
107 99 4
293 5 4
23 369 5
362 313 5
457 16 1
205 245 5
471 493 3
281 390 4
232 386 4
180 163 3
406 88 2
432 495 5
368 365 4
148 384 3
121 489 1
29 86 1
260 447 1
113 496 3
208 126 2
245 144 5
342 6 2
250 222 5
496 132 1
53 359 2
431 235 2
25 396 1
460 195 2
427 311 3
162 350 5
338 92 5
5 190 3
45 350 2
303 429 5
34 316 1
176 262 2
50 434 3
305 180 5
212 467 3
144 491 2
500 178 1
240 419 2
333 246 4
417 428 4
130 384 3
462 279 1
65 24 3
202 495 1
234 250 1
208 171 2
196 203 3
302 77 2
331 70 4
425 146 2
120 289 3
150 89 4
24 125 5
303 270 5
301 214 2
467 24 2
362 221 2
350 385 5
120 301 4
338 493 2
236 348 4
166 229 4
105 193 5
110 134 4
29 269 2
2 471 3
59 455 5
113 30 2
35 160 3
451 380 2
351 333 1
24 336 4
487 483 3
398 114 4
305 382 3
439 465 5
402 438 2
93 38 5
274 74 4
66 128 4
163 340 5
260 410 2
29 320 4
83 69 3
432 29 3
391 476 3
77 177 2
344 280 4
492 224 1
286 195 3
314 394 1
425 369 5
251 247 2
208 440 3
259 392 2
112 285 3
61 470 3
233 12 5
462 241 2
282 346 4
18 206 4
255 146 1
158 37 4
120 56 4
64 103 5
109 182 2
332 265 2
495 412 1
389 46 2
256 405 5
305 412 3
467 356 1
490 143 3
380 101 4
324 222 2
378 109 3
317 391 5
147 284 1
51 107 1
418 69 1
4 130 3
306 120 4
285 192 5
325 368 1
326 425 5
365 78 2
490 461 3
6 226 2
410 272 2
361 373 1
492 327 1
97 376 3
216 178 5
129 223 1
306 372 5
403 92 5
204 362 5
416 6 3
42 170 5
160 75 1
148 6 2
351 233 3
53 430 1
125 69 4
317 330 4
223 369 1
10 323 3
274 88 5
21 440 3
419 272 3
113 130 4
317 254 2
367 186 3
396 122 2
362 56 1
261 487 3
183 426 5
282 178 3
101 366 4
499 35 5
323 383 4
110 481 1
362 377 1
324 256 1
348 488 3
137 485 4
79 380 1
489 191 5
348 461 1
414 13 5
173 58 1
187 230 2
436 67 2
57 206 5
50 128 4
439 118 1
468 74 5
361 352 4
349 382 2
383 15 3
132 418 5
144 500 1
243 472 4
156 491 4
192 450 2
447 176 1
144 441 5
251 310 3
142 144 3
148 108 3
104 116 5
264 59 2
335 422 2
302 277 5
166 437 5
323 40 2
432 359 1
90 411 2
54 243 3
371 231 3
62 478 2
98 499 2
43 374 5
88 53 4
500 500
168 347 4
376 401 4
304 201 5
489 216 4
111 117 2
153 264 4
472 343 2
115 232 5
279 437 5
279 283 3
48 47 5
482 120 5
197 282 5
73 153 3
366 445 3
390 339 5
380 217 4
45 27 5
489 319 2
229 290 2
177 447 3
276 290 4
203 385 4
400 241 4
168 265 2
143 403 2
220 253 3
167 474 3
389 420 4
33 305 2
99 320 1
107 407 3
9 292 5
378 126 3
91 198 4
188 200 4
451 468 5
75 163 2
213 485 1
88 476 3
91 495 5
168 7 1
441 454 4
264 192 1
67 197 5
312 324 2
300 420 3
57 293 1
238 216 1
299 420 4
212 254 5
133 465 1
392 78 5
150 271 2
91 127 2
332 403 5
214 182 1
483 469 5
451 481 3
210 208 2
418 399 3
220 308 5
423 12 1
177 109 3
406 145 4
487 76 5
82 101 2
325 308 5
103 58 3
196 450 3
440 231 2
458 7 5
231 473 4
391 291 3
74 425 1
398 69 2
39 391 1
192 297 3
372 239 1
171 154 4
255 454 5
22 250 3
150 11 2
413 163 5
159 63 4
268 93 1
252 12 4
27 370 5
495 247 5
3 319 3
88 331 3
39 87 1
87 187 2
105 50 4
470 373 3
316 310 2
229 82 3
58 308 5
298 45 5
383 218 4
369 305 2
439 379 4
494 194 3
181 489 1
451 161 3
63 360 4
194 469 2
433 19 5
465 56 5
354 297 1
361 397 4
90 192 1
31 38 5
101 287 2
132 84 4
113 416 4
115 311 5
138 97 5
430 424 3
73 237 2
489 230 4
215 158 2
26 343 5
115 289 4
72 264 5
286 205 5
220 356 2
81 412 4
145 220 3
340 249 5
439 498 2
50 266 3
221 500 3
359 424 1
66 458 4
281 425 1
47 134 2
297 94 3
78 64 1
16 400 1
216 452 3
272 278 3
479 43 4
364 68 3
93 340 3
321 295 2
51 400 4
123 205 5
251 260 3
69 117 1
367 359 5
294 397 5
370 19 2
22 220 3
415 401 4
233 409 1
13 330 4
482 216 4
417 244 3
200 117 2
126 142 4
57 451 2
393 328 1
123 194 4
140 374 2
38 111 4
356 306 1
294 52 2
195 473 4
441 188 3
62 484 3
120 354 3
448 107 2
144 229 2
367 397 4
59 289 3
387 225 2
285 75 2
86 284 2
150 324 4
340 18 2
119 415 2
165 272 1
386 166 4
200 249 2
45 185 5
129 189 1
413 252 1
388 253 4
336 82 4
358 310 5
369 314 1
28 261 1
272 112 5
280 15 3
186 12 1
10 276 1
191 318 1
292 31 4
140 458 3
195 140 4
86 450 5
478 168 3
248 316 2
310 169 2
497 454 3
484 243 5
145 193 1
276 193 4
26 475 5
492 90 3
91 155 5
77 307 3
326 177 5
379 23 1
308 264 2
93 336 4
412 308 1
1 200 2
492 328 5
372 297 1
71 441 2
402 110 3
480 135 5
478 456 1
230 273 2
227 16 4
369 167 2
414 39 2
383 19 2
471 297 3
79 234 4
483 199 1
337 409 4
189 20 1
49 258 1
10 181 4
408 373 1
294 368 3
159 286 5
184 486 2
268 210 1
464 48 4
188 58 1
159 110 1
369 205 1
78 278 5
462 451 3
499 481 4
158 322 4
123 489 1
445 283 1
239 25 5
176 80 3
198 279 2
432 284 4
158 119 1
271 153 5
35 45 3
3 368 5
305 197 5
120 52 3
364 175 2
242 282 2
459 361 5
478 389 1
236 57 4
133 17 4
123 181 5
295 326 4
474 77 1
458 409 3
383 266 5
94 300 1
235 196 5
344 95 3
205 135 1
272 22 4
456 387 1
450 422 3
296 427 3
188 279 2
254 132 2
45 325 2
441 191 2
132 10 4
388 83 1
323 120 5
147 19 5
130 442 5
16 184 2
485 297 3
218 163 4
368 204 5
156 182 4
491 52 1
47 154 4
268 361 5
135 269 1
339 400 2
466 251 5
139 22 5
171 37 5
304 166 2
213 133 2
257 74 4
433 384 5
120 92 2
376 297 3
195 239 4
171 363 1
242 122 3
278 154 1
378 405 2
216 225 5
471 284 3
443 241 3
132 421 4
258 347 3
291 28 2
89 231 3
112 492 5
390 252 3
201 104 4
398 377 2
349 330 2
177 357 3
456 1 4
495 463 3
160 174 4
266 306 3
248 475 2
262 196 3
497 7 5
401 369 2
226 356 4
22 438 1
277 436 5
213 123 2
439 496 2
40 198 2
54 130 5
155 313 5
324 351 1
395 71 4
111 279 2
475 196 1
235 298 4
236 16 5
283 220 4
115 450 2
466 412 3
92 4 2
33 16 4
132 153 5
455 285 3
136 79 1
45 28 4
233 121 5
58 481 3
223 227 1
290 127 1
380 106 4
306 342 5
412 489 5
364 378 3
364 13 2
55 293 1
226 133 3
366 237 4
361 93 2
22 335 5
188 416 5
198 282 1
54 114 1
497 105 4
169 174 2
256 339 3
368 401 1
174 94 5
193 473 3
156 183 4
4 446 4
142 328 1
92 449 4
112 425 5
343 471 2
349 210 5
261 357 5
407 421 2
79 342 2
61 135 4
263 126 5
481 148 5
15 299 3
285 234 5
19 72 2
320 307 4
325 224 2
421 115 3
69 55 2
423 378 2
327 471 4
476 390 4
180 376 2
37 314 2
326 306 1
458 99 1
286 481 3
461 73 2
71 385 4
159 216 1
266 426 3
1 82 3
136 399 4
300 223 5
489 54 4
266 244 3
68 111 5
249 181 4
488 222 2
156 448 2
88 12 2
489 273 4
431 73 3
434 171 3
185 424 5
360 98 2
204 34 4
133 363 3
411 371 3
239 287 5
391 355 5
76 122 5
368 327 3
133 196 5
257 398 3
53 440 2
486 112 2
165 174 4
217 482 1
1 10 5
203 422 5
43 153 5
114 492 2
58 213 1
243 7 5
392 187 4
380 432 4
198 289 3
372 39 5
199 177 2
386 444 1
478 439 2
307 302 3
342 21 5
316 428 5
313 381 3
155 194 5
431 214 5
342 7 4
495 92 5
458 282 1
100 204 3
24 350 2
371 250 3
323 79 1
118 209 4
83 339 3
401 27 2
403 149 1
227 494 5
122 481 5
393 266 3
277 82 1
417 84 4
434 435 5
221 311 5
169 120 5
135 394 4
167 423 4
154 439 3
402 389 2
370 338 1
478 222 2
386 457 1
260 321 2
24 144 4
124 281 4
389 401 5
304 135 2
383 239 3
182 119 1
199 160 2
238 80 2
254 204 2
84 443 2
330 465 3
402 449 4
122 174 2
500 500
37 360 2
41 99 4
175 201 2
47 15 2
384 193 4
409 140 3
37 272 5
85 313 3
269 267 1
220 314 5
475 103 2
422 100 2
199 305 1
319 326 5
112 256 5
190 89 1
37 119 2
217 102 3
255 488 4
15 29 3
404 467 4
215 424 3
494 292 5
275 132 3
331 470 3
371 485 4
380 34 4
499 461 5
280 150 1
226 436 1
163 371 5
174 278 4
152 296 3
117 395 1
332 127 4
231 305 2
181 470 2
300 492 2
439 488 4
36 301 5
207 403 4
305 61 2
372 255 3
140 207 3
340 200 3
76 151 3
147 188 4
296 249 5
198 228 4
378 382 3
469 188 1
459 6 4
89 131 3
463 237 4
139 474 3
400 69 2
30 419 5
189 141 2
171 412 2
305 88 3
78 384 4
278 162 3
431 420 2
389 421 5
499 250 1
62 333 4
21 248 1
270 483 2
460 13 2
95 259 3
467 218 2
497 26 4
286 221 4
270 140 5
24 69 4
296 13 2
82 428 2
451 378 3
343 409 1
387 178 2
118 54 1
353 480 4
388 465 4
87 329 2
93 279 3
180 394 3
432 40 5
121 478 2
239 456 1
36 250 1
55 53 4
450 453 3
95 320 5
39 460 5
278 317 4
87 123 3
18 306 5
190 300 4
75 100 1
191 14 5
177 245 3
81 377 4
52 343 3
141 363 5
403 371 1
166 27 3
403 181 3
346 176 1
429 20 1
237 58 2
280 195 4
388 113 4
305 367 4
46 154 2
35 255 1
377 387 2
333 286 2
87 35 1
273 218 2
282 468 4
473 355 1
12 294 3
365 42 5
391 11 5
175 6 4
137 197 2
436 332 5
41 45 4
39 167 3
487 20 4
13 186 1
416 154 1
444 403 4
67 181 4
367 225 4
259 129 4
4 499 1
69 459 2
470 378 1
309 22 4
358 24 2
89 276 5
498 395 2
270 293 4
46 136 5
85 375 1
95 13 2
19 484 5
282 289 3
119 349 4
105 368 5
456 174 4
436 386 1
129 471 1
132 95 3
96 68 1
99 407 1
387 406 2
168 447 5
158 294 3
255 143 4
84 289 1
271 287 1
443 419 2
5 118 1
237 140 5
128 322 1
347 397 4
29 11 3
419 62 1
132 137 5
463 123 2
231 221 5
401 275 2
112 283 4
422 262 1
401 185 2
319 343 3
282 28 4
499 487 5
306 435 4
105 183 1
390 422 4
498 296 1
161 7 5
151 267 5
452 491 2
361 26 4
297 131 2
414 111 1
331 116 1
191 494 4
237 188 4
297 39 2
109 298 5
45 208 3
164 326 4
79 265 5
67 369 1
458 240 5
18 105 2
497 313 2
437 233 5
266 413 3
425 278 3
358 208 4
319 269 3
438 480 3
143 314 4
362 358 1
307 479 1
407 2 5
255 453 3
173 50 2
258 217 4
444 315 1
296 299 3
235 165 1
78 243 3
134 478 4
178 205 3
490 103 1
429 197 2
451 197 2
443 224 3
46 478 5
116 21 2
179 430 3
261 116 5
260 25 1
64 438 4
16 78 1
189 47 3
269 252 3
174 68 2
387 54 4
389 319 5
427 214 5
111 340 4
461 144 3
428 242 5
192 96 2
226 331 1
236 423 5
399 250 3
307 314 5
194 464 2
31 394 4
48 350 2
396 176 5
96 139 3
283 156 2
107 37 1
494 306 3
434 461 5
51 148 5
29 249 1
164 242 1
167 438 3
67 449 4
156 287 5
169 155 3
410 481 3
83 245 5
381 102 4
229 319 5
314 64 4
351 27 5
1 285 1
50 30 4
251 452 1
228 77 2
487 295 4
48 209 5
144 416 5
58 295 4
380 478 4
42 458 5
377 354 1
127 149 3
426 168 5
38 374 1
452 282 5
407 439 2
158 163 4
223 329 4
25 49 2
77 94 3
148 120 2
325 87 1
298 113 5
246 385 1
373 132 4
457 196 4
418 19 5
265 499 3
104 326 3
248 62 1
365 393 2
372 356 4
447 499 1
92 315 5
77 14 1
421 275 4
277 332 4
326 386 1
359 109 2
217 106 3
104 258 4
127 55 2
445 453 5
67 420 2
189 349 3
161 122 4
406 397 4
264 136 1
273 32 3
484 456 2
4 83 2
52 212 1
347 497 4
151 390 4
329 79 3
76 70 3
140 350 1
101 167 3
160 446 1
206 311 4
54 59 4
90 354 4
363 257 2
431 437 4
365 30 1
352 362 3
423 252 1
92 466 3
329 272 3
226 193 5
154 51 4
465 51 4
221 89 2
357 220 2
76 72 1
31 56 1
281 473 1
277 312 3
424 184 4
416 79 5
478 484 3
43 474 3
437 40 3
301 56 3
467 136 1
149 277 2
49 432 1
120 227 2
497 445 2
465 377 4
312 172 2
405 9 4
448 64 2
15 385 3
33 117 4
88 85 3
83 447 3
73 250 5
374 120 5
239 412 2
161 37 5
239 14 5
275 166 2
330 194 3
117 321 2
356 111 5
59 379 3
426 200 1
101 42 5
295 220 2
215 353 2
317 215 4
413 330 3
411 497 5
412 62 5
155 320 4
149 439 2
328 297 3
208 200 4
430 132 2
6 473 3
107 185 2
311 302 3
367 122 5
240 4 3
175 418 5
464 15 2
66 21 5
135 249 4
446 98 1
41 445 2
52 61 3
315 397 4
263 373 3
285 147 2
138 118 4
219 487 1
469 254 2
272 492 5
390 23 4
395 172 1
144 13 5
273 441 2
62 230 1
330 81 3
83 367 5
102 387 4
492 181 4
378 25 4
391 462 4
42 439 3
378 269 5
378 44 5
464 288 3
201 418 3
407 235 3
210 479 5
178 146 5
188 179 1
347 411 1
31 57 3
498 366 4
33 400 1
184 49 3
235 420 3
15 266 2
378 250 1
150 87 2
353 86 3
387 81 1
342 494 5
284 385 1
49 464 5
157 329 5
391 33 2
393 109 2
286 205 1
256 404 2
62 379 5
112 351 4
204 222 4
331 117 4
500 296 4
56 204 4
438 292 1
262 406 3
22 379 3
203 131 1
255 124 1
198 485 2
29 200 1
269 384 5
237 16 1
285 144 5
213 244 3
253 137 3
116 72 5
194 278 2
317 244 4
468 285 4
233 4 1
446 493 5
497 78 4
262 88 5
143 344 4
226 144 4
21 275 1
310 446 4
398 135 3
346 426 1
315 123 4
27 328 3
192 189 1
118 410 2
96 418 5
49 351 4
34 308 3
392 238 4
121 104 1
229 399 4
194 186 2
258 10 3
181 297 1
194 49 2
223 2 2
14 184 3
143 336 4
397 20 4
294 496 4
191 210 1
244 322 5
16 393 2
500 500
137 283 5
82 177 3
179 222 4
40 239 3
219 474 3
403 294 3
497 347 5
437 302 1
370 399 4
287 476 1
369 385 3
179 341 2
288 81 5
220 364 3
378 466 1
127 243 2
457 360 4
408 49 4
415 482 5
251 10 4
438 491 5
399 307 3
380 163 5
439 290 1
203 318 1
295 419 2
442 35 2
209 493 1
223 451 3
417 261 1
258 354 1
84 4 4
74 439 3
18 6 5
468 296 2
325 392 3
409 357 3
220 190 2
327 465 2
439 256 2
449 47 5
188 146 2
21 221 2
314 158 2
9 305 5
45 416 4
232 335 1
151 80 5
298 352 2
15 27 5
35 60 5
146 7 4
9 144 5
206 145 4
303 196 4
273 364 1
249 369 2
289 204 2
230 398 1
257 228 2
416 319 5
68 324 3
143 354 2
79 271 1
434 357 4
458 464 1
462 173 4
206 381 5
93 230 5
28 269 2
499 45 5
79 224 5
408 340 4
3 285 1
368 210 1
366 302 3
496 241 3
149 125 4
351 441 5
64 195 1
353 435 5
328 340 3
457 63 5
142 295 1
61 256 5
390 424 3
142 486 2
219 177 5
344 271 5
145 234 5
408 401 2
229 225 1
251 359 3
471 123 2
175 193 5
318 265 5
284 342 1
371 75 5
283 213 5
21 307 3
383 196 5
120 262 1
204 87 5
146 266 2
86 66 5
290 311 5
115 345 3
248 226 5
147 258 2
3 116 1
110 4 2
347 86 2
91 127 5
415 308 1
426 223 2
120 474 5
92 315 3
496 51 2
169 251 2
33 96 3
493 308 3
458 187 1
395 171 5
48 391 4
249 192 2
291 393 5
342 135 2
151 194 5
286 492 2
203 167 3
66 480 3
7 258 2
43 348 5
427 418 5
496 375 3
453 284 1
307 48 2
410 497 2
19 488 2
72 344 1
176 256 1
459 239 1
195 455 1
348 408 1
80 436 4
447 413 3
237 325 4
164 256 3
336 492 2
122 12 3
107 324 1
79 187 2
324 284 3
182 51 1
218 380 2
3 239 2
272 316 5
213 123 4
205 117 2
37 64 2
233 28 2
111 404 3
301 204 1
474 137 3
424 458 3
444 348 2
344 219 4
305 82 5
356 165 2
353 347 1
124 290 1
159 133 1
358 255 2
264 372 1
16 36 2
316 403 4
422 279 4
42 382 3
166 76 4
101 12 4
123 150 2
474 166 3
252 491 3
240 466 4
115 283 4
16 493 1
246 287 1
403 151 3
132 1 3
159 43 3
178 205 5
174 375 2
286 233 3
104 187 5
270 175 2
319 117 5
277 425 5
47 407 3
386 184 1
31 155 5
392 233 3
9 156 3
386 190 5
187 208 5
173 325 4
85 194 4
243 283 2
492 465 3
137 204 1
15 273 2
51 484 2
409 311 5
21 389 3
168 424 3
495 235 4
285 192 3
102 119 1
283 348 5
229 79 2
357 419 5
489 319 3
53 115 2
357 208 3
406 282 1
162 241 3
300 401 5
15 149 4
151 319 4
53 230 4
333 340 5
403 101 4
460 451 3
336 251 1
10 192 5
40 142 5
146 72 3
358 45 3
288 473 5
335 308 4
113 146 4
62 367 1
293 439 5
246 400 1
255 398 5
144 287 3
4 487 2
431 180 5
453 103 5
366 348 1
257 382 5
203 78 2
259 313 1
253 250 4
52 420 1
183 144 1
387 87 3
498 66 2
477 210 5
341 396 5
448 90 5
343 342 4
398 365 1
229 160 3
306 100 1
46 197 2
261 27 4
463 250 3
241 72 5
373 12 5
197 388 4
269 319 2
432 229 3
442 257 2
408 63 2
207 423 4
347 90 3
234 453 1
195 396 2
458 257 2
245 44 2
473 114 1
301 113 3
26 248 1
336 403 5
388 66 1
494 177 5
408 78 2
399 391 1
367 36 1
213 92 3
220 276 2
51 371 5
375 245 4
489 105 2
49 323 2
242 344 2
365 250 3
382 443 1
286 486 4
360 28 4
57 69 1
391 394 5
349 354 4
483 482 4
188 18 3
123 14 4
398 244 3
91 66 4
280 85 1
285 246 2
466 441 3
248 282 1
330 314 4
358 140 5
344 261 4
248 127 1
456 316 3
435 370 5
277 385 3
197 7 4
50 2 2
91 96 1
135 490 1
151 100 4
482 280 4
63 160 3
395 267 2
390 439 5
307 283 4
368 242 3
269 410 3
448 164 4
498 437 1
350 418 5
34 157 3
110 424 1
169 61 3
356 1 5
337 205 4
190 265 2
251 86 3
40 353 5
82 460 2
205 376 2
125 327 1
185 268 3
114 355 1
47 426 5
186 70 2
71 195 4
213 402 3
436 287 5
289 221 4
20 101 4
264 424 2
373 472 5
492 363 1
258 94 2
408 256 2
323 276 2
277 215 2
88 347 1
135 271 4
372 400 4
197 77 3
274 211 5
412 443 5
61 80 2
316 349 5
365 22 1
338 345 4
313 134 1
387 231 1
367 7 4
353 445 5
138 298 5
245 21 1
290 391 5
34 264 5
170 217 5
306 247 5
209 8 2
416 133 2
433 153 1
345 324 1
267 9 3
293 299 3
467 348 3
416 444 3
342 379 4
11 374 1
409 184 5
125 74 1
258 225 3
92 445 5
361 126 1
202 460 4
90 63 5
184 160 5
450 145 4
42 474 2
370 82 3
122 259 1
62 26 4
138 81 4
430 83 1
340 33 2
373 20 1
449 157 2
127 72 1
290 56 2
21 433 4
277 81 2
489 443 2
421 111 1
132 422 1
400 483 1
349 179 2
166 211 3
473 107 3
299 369 5
292 284 3
412 243 2
22 88 4
105 271 3
420 70 3
121 430 1
112 169 3
337 175 3
383 480 2
426 367 5
184 473 1
403 212 4
269 274 2
413 253 5
494 20 3
200 167 4
453 99 4
49 30 5
266 308 2
198 224 4
264 40 3
31 335 1
407 216 4
154 213 1
327 466 2
121 429 4
232 411 4
398 170 1
59 171 4
464 359 1
211 32 1
374 218 1
106 82 2
314 161 5
308 499 3
127 126 5
425 45 2
110 13 1
40 198 5
336 401 4
448 46 4
355 357 4
237 447 1
104 191 4
166 189 3
221 425 3
399 316 1
195 6 5
215 485 1
459 403 5
448 333 2
168 182 3
332 236 1
279 410 1
217 417 4
272 81 3
358 114 2
195 19 1
152 401 5
473 56 4
330 474 4
81 199 3
306 175 4
308 258 4
438 390 4
106 417 4
486 258 4
306 339 1
210 80 1
220 27 5
59 135 4
30 180 2
397 490 5
55 278 2
248 419 4
185 219 4
15 5 1
476 67 2
190 36 3
500 500
195 477 3
115 428 5
249 266 1
428 127 1
210 417 5
349 299 5
141 262 5
255 309 1
249 191 5
100 174 5
138 265 4
5 38 1
286 441 2
83 82 4
78 134 5
280 43 4
13 476 2
42 483 5
98 445 4
459 455 5
325 422 3
19 401 5
477 372 1
65 248 3
154 213 1
42 469 5
40 401 5
9 353 4
221 440 1
198 461 4
263 455 1
11 212 2
68 45 5
266 104 3
261 442 3
426 75 1
242 475 1
449 81 1
206 250 5
227 319 5
466 226 5
167 139 2
73 432 2
62 416 3
16 157 5
420 29 5
257 37 4
443 469 5
426 432 1
330 262 4
440 420 3
240 44 2
221 263 3
188 183 5
51 287 3
406 355 2
384 324 1
338 147 1
242 406 2
409 209 1
481 425 4
57 357 4
213 97 4
154 352 1
155 197 4
223 6 2
325 439 4
69 220 5
272 14 5
31 454 5
396 47 4
216 9 3
120 391 1
135 172 2
379 359 5
111 234 3
92 80 1
215 85 5
321 68 5
97 253 4
241 139 1
352 498 2
17 90 4
148 264 5
21 214 1
289 82 3
342 257 2
349 362 5
327 119 4
498 279 4
135 397 1
267 468 1
60 160 1
387 261 3
150 380 1
419 207 5
206 437 2
371 298 5
78 101 4
417 422 1
9 108 5
159 406 2
57 409 4
446 253 2
313 152 3
245 158 5
481 213 3
409 145 5
438 277 2
363 120 5
162 286 4
411 255 1
91 244 2
418 93 5
365 295 1
483 99 3
234 339 2
7 486 4
204 306 4
456 166 2
13 389 3
13 298 4
345 103 4
116 105 3
331 340 1
292 493 1
143 100 4
182 334 3
2 170 1
226 187 1
356 377 4
163 150 5
465 242 5
389 77 3
148 152 4
104 16 1
254 320 3
253 60 2
123 404 2
240 191 5
5 210 2
52 4 5
69 196 4
117 71 4
248 32 3
164 3 5
151 416 4
222 458 4
175 425 4
53 75 1
355 473 5
325 463 1
85 227 5
345 259 1
18 486 4
415 400 2
261 312 4
432 269 5
10 251 2
474 217 5
27 44 3
112 382 5
90 449 3
178 6 1
59 276 1
297 62 2
318 447 5
59 478 4
44 372 5
331 399 4
68 104 3
422 150 4
121 9 4
110 139 4
233 322 1
423 248 5
381 134 1
352 489 5
301 103 4
184 84 1
349 102 4
18 181 1
258 459 2
10 265 1
459 403 4
315 383 2
312 340 5
157 162 3
27 389 4
235 178 2
425 94 2
69 296 1
454 93 2
108 118 4
9 99 1
70 248 5
51 70 1
108 291 2
325 26 3
456 250 5
433 331 2
318 59 2
29 247 4
21 393 4
235 108 1
366 267 4
218 475 2
109 403 5
372 58 5
116 46 5
361 386 4
58 137 1
19 68 5
361 492 1
45 244 1
337 388 3
279 284 1
210 125 1
387 104 1
312 114 1
128 96 4
118 146 1
412 448 5
241 483 5
145 179 4
411 272 2
301 370 2
256 296 1
66 200 1
372 239 2
475 115 1
125 450 1
219 434 1
95 63 3
19 274 2
57 41 1
159 57 5
270 206 5
64 296 5
243 116 2
158 429 1
236 159 1
16 464 2
359 6 1
18 489 1
135 204 2
13 303 1
159 419 1
17 135 4
484 342 3
345 202 4
115 404 5
17 287 1
443 410 1
457 247 3
111 101 4
101 390 3
16 99 5
102 353 1
371 360 1
72 182 4
103 127 5
8 156 4
491 356 4
324 488 2
141 107 3
299 494 2
361 81 3
116 233 2
444 271 5
276 281 3
117 171 5
108 190 5
434 44 2
10 173 5
99 230 3
173 331 1
493 37 1
57 429 4
12 291 2
357 195 3
142 409 1
240 218 4
419 241 5
45 207 2
216 362 1
414 320 5
183 167 2
107 273 5
89 260 3
191 312 2
363 344 5
399 196 4
462 74 2
128 50 1
467 278 4
258 49 2
189 132 5
348 345 1
175 291 5
149 95 2
64 389 3
147 303 1
437 140 2
194 252 1
453 398 2
483 243 2
225 9 2
89 100 2
229 129 3
369 440 5
169 203 3
137 355 2
408 149 1
249 479 3
147 425 2
498 252 5
80 102 3
12 314 2
346 113 3
253 175 2
358 498 1
365 262 2
498 347 1
305 103 4
353 119 2
60 26 4
470 343 5
343 223 1
157 377 3
430 6 4
420 235 2
321 303 2
67 295 1
155 244 3
265 280 2
357 490 4
44 214 2
498 91 2
86 342 3
124 102 4
51 338 1
235 251 2
443 211 5
342 361 3
470 68 2
422 128 1
10 249 3
301 119 1
181 258 1
236 210 5
72 145 5
322 493 4
254 301 2
272 145 5
464 264 3
104 372 4
313 194 1
323 159 1
125 209 4
276 439 3
51 261 5
226 99 5
96 460 2
482 308 4
455 35 2
317 450 3
391 482 2
178 226 4
388 160 2
193 45 3
249 151 4
383 117 4
302 122 5
162 361 2
261 465 1
257 245 4
359 361 5
227 180 3
29 132 4
331 485 1
470 148 1
195 471 5
381 177 3
235 209 2
205 493 2
430 270 5
30 299 2
241 8 3
149 32 5
378 169 3
87 74 3
7 424 3
87 433 4
219 145 5
78 4 2
116 294 2
68 492 5
197 239 3
115 176 2
17 61 2
301 128 5
184 235 1
269 400 5
13 28 5
481 203 5
267 182 2
253 66 5
97 310 2
285 247 2
307 286 4
366 10 2
291 363 4
95 274 5
308 71 1
487 39 3
88 91 4
383 150 1
381 192 3
280 426 3
72 309 1
139 31 2
188 147 5
4 16 4
95 431 5
169 177 1
221 399 5
119 376 1
46 66 1
367 170 5
216 424 5
65 260 5
107 434 2
222 284 4
3 405 5
115 394 1
16 447 2
457 33 5
486 413 1
399 120 1
42 430 3
390 319 2
370 471 2
102 468 1
134 19 1
179 68 4
93 57 3
21 81 1
261 321 3
339 336 1
387 124 5
381 195 5
249 385 4
27 285 4
214 147 5
340 158 2
409 139 5
496 284 4
344 265 5
243 379 4
293 458 2
243 149 5
214 305 3
329 356 4
339 295 3
469 171 4
414 142 4
479 361 3
134 434 4
449 202 2
426 156 3
249 240 3
137 326 1
119 413 4
112 410 4
488 402 3
348 83 5
198 104 1
346 197 1
47 393 1
23 1 4
399 42 1
494 321 5
154 202 5
284 383 1
65 201 2
399 416 4
256 324 1
243 481 5
454 276 2
132 268 4
189 447 1
421 256 3
61 402 5
6 394 4
20 234 1
406 349 4
160 296 1
369 6 2
72 476 2
500 500
236 174 1
9 300 4
24 333 2
400 238 4
296 1 5
80 325 2
333 140 5
202 31 3
9 462 2
249 56 2
40 366 3
129 150 3
53 388 3
389 341 1
228 144 1
63 376 3
224 211 4
214 312 3
440 441 3
290 385 3
235 241 4
233 219 3
437 19 3
382 288 1
458 139 4
288 416 4
17 11 5
1 296 1
370 56 4
133 36 1
352 382 4
431 451 2
470 485 3
62 446 4
311 290 4
193 234 1
377 272 2
121 287 2
477 419 1
381 43 3
457 68 2
123 395 4
202 210 5
411 231 4
359 453 4
202 93 5
475 60 3
303 340 1
342 365 3
270 237 4
437 403 4
160 463 2
232 406 5
203 66 1
139 283 3
278 367 5
455 339 2
60 439 3
86 52 3
216 413 4
445 59 1
26 402 3
215 65 5
204 99 4
91 161 3
439 201 5
80 49 4
331 465 5
20 375 4
330 382 1
420 266 5
168 236 1
347 189 5
109 302 2
449 339 5
366 126 3
114 221 1
271 126 5
493 81 4
407 31 4
342 393 4
296 332 4
105 230 4
245 153 2
143 225 3
194 125 2
130 407 2
124 491 4
86 420 3
22 328 4
226 73 2
401 428 5
254 363 4
244 96 5
422 295 2
446 52 4
329 305 2
68 264 5
46 191 5
6 1 5
495 273 3
359 55 1
442 491 3
208 487 1
124 333 2
6 119 2
349 178 3
348 486 3
177 328 5
54 99 1
89 68 5
55 72 1
284 172 3
464 233 4
408 247 2
97 107 5
262 254 5
443 307 5
474 332 4
177 269 5
265 471 4
97 162 2
404 122 4
64 379 5
450 191 2
315 124 3
358 377 5
402 125 1
30 497 5
362 399 2
170 96 1
462 468 4
312 119 5
171 242 1
279 58 3
481 67 4
404 257 2
366 164 4
13 327 3
415 138 3
152 429 5
296 9 4
91 188 1
438 108 2
471 428 5
478 401 3
435 92 3
196 345 3
284 441 2
450 197 4
387 20 5
308 481 5
128 270 4
1 133 4
53 198 3
349 313 4
408 152 2
399 39 3
357 467 2
199 283 3
215 145 3
256 94 5
215 360 4
303 112 1
195 81 3
356 79 2
63 207 4
338 401 1
355 463 3
98 321 3
390 127 5
150 324 2
19 201 4
461 80 1
402 133 2
149 99 5
205 411 4
91 355 3
418 437 3
115 179 2
113 369 5
436 415 4
153 82 1
34 98 1
165 19 1
483 365 4
420 391 3
465 34 4
36 66 1
456 409 5
304 19 2
11 281 1
135 386 1
247 205 1
190 207 5
242 42 1
318 82 2
381 305 4
306 283 1
48 308 5
468 57 2
53 360 5
339 91 2
217 19 3
207 208 3
453 424 5
416 140 5
304 256 4
404 304 5
295 39 5
292 196 3
484 53 1
286 298 4
474 393 4
340 495 5
471 108 2
106 245 1
135 491 1
202 83 3
494 94 2
106 61 2
322 90 1
191 19 1
500 228 5
148 2 2
42 169 3
98 353 1
293 207 1
107 187 2
337 357 4
12 90 4
171 277 5
329 46 1
108 143 4
336 346 2
348 315 4
239 361 4
443 257 3
236 25 2
450 372 2
189 455 1
161 362 3
234 8 2
225 255 4
470 86 1
175 483 1
472 233 4
323 136 4
497 308 1
64 250 2
407 284 3
274 356 4
199 240 2
73 197 2
411 423 1
122 324 1
460 303 2
338 365 4
480 346 5
470 129 5
249 8 2
353 303 4
130 486 2
90 151 4
144 54 1
246 225 5
127 391 5
280 36 3
155 81 5
281 30 5
294 466 1
64 210 1
387 37 4
377 194 3
107 257 2
373 137 1
105 475 5
34 404 2
38 488 5
185 218 5
35 104 3
358 382 4
146 284 4
356 310 1
77 248 4
20 28 3
138 270 1
418 403 4
268 312 3
434 142 4
376 5 2
196 318 1
68 108 1
85 207 5
278 126 5
358 32 2
494 41 3
283 458 3
465 438 4
455 374 4
139 180 3
394 416 1
242 457 1
421 50 4
500 220 4
356 345 5
220 162 3
464 115 3
340 9 1
479 302 2
212 255 4
346 485 4
27 309 3
373 248 4
271 420 2
276 211 1
419 276 5
125 9 3
210 12 3
452 424 1
268 121 1
454 287 3
317 360 1
499 296 1
265 432 5
210 117 1
337 483 5
11 124 2
10 172 4
336 463 3
72 10 4
439 389 4
252 461 1
33 207 4
271 202 3
59 205 3
182 490 5
185 47 4
308 309 5
278 325 1
421 114 4
1 251 1
363 450 2
49 42 4
288 156 1
427 110 5
383 92 5
79 215 3
470 301 2
150 29 3
53 178 2
392 193 2
35 354 3
111 476 1
95 365 5
111 273 3
363 172 3
126 144 5
439 215 2
48 92 4
126 449 4
336 423 3
360 297 1
299 309 2
405 361 4
311 215 1
267 476 3
163 167 4
446 209 2
284 322 3
124 488 3
491 355 5
294 348 2
70 115 2
363 402 3
236 488 4
361 120 5
473 278 2
386 216 3
419 286 1
176 23 3
496 479 2
36 287 2
53 6 1
451 291 2
92 93 4
299 65 1
289 284 4
322 215 1
233 133 4
377 309 2
477 232 3
184 180 4
193 129 1
413 235 1
213 167 1
186 281 2
99 237 4
82 260 4
17 323 1
324 366 1
47 83 2
259 19 4
403 131 3
273 276 2
343 405 2
425 468 1
130 103 1
3 177 2
337 451 2
299 298 2
28 120 4
352 496 3
197 40 5
106 120 1
340 342 1
167 362 4
117 349 1
215 411 4
442 266 3
26 441 3
375 377 4
1 245 5
379 41 2
453 147 2
255 333 2
111 291 5
112 456 3
277 397 2
496 373 3
10 8 2
485 395 3
7 230 4
374 446 1
307 235 2
36 178 2
77 228 1
410 103 2
74 432 4
123 258 5
262 114 5
350 142 5
287 462 4
459 82 3
359 16 3
192 183 5
219 272 4
2 153 1
26 455 3
402 280 4
372 375 3
164 116 2
451 41 3
169 73 3
358 116 4
110 280 1
293 433 2
263 27 2
365 403 4
316 402 5
282 436 1
225 243 3
35 112 2
17 96 5
469 345 4
6 332 2
419 78 5
93 453 1
157 11 5
117 107 1
336 114 4
35 422 1
352 289 1
323 4 1
229 477 4
49 83 5
297 157 5
251 39 5
51 103 2
326 351 5
429 282 5
75 473 4
29 488 1
71 3 4
58 445 1
448 95 3
84 264 2
26 387 4
498 307 4
440 461 5
354 440 5
316 404 1
173 498 5
36 111 5
45 287 3
249 315 2
417 170 5
122 494 3
293 428 2
10 23 1
500 500
406 203 5
125 47 4
139 151 3
322 274 3
427 9 5
140 49 3
461 390 1
118 369 5
427 15 5
40 498 1
70 438 5
8 454 4
46 121 3
78 407 5
75 398 1
288 163 2
271 68 2
170 384 1
445 285 3
59 220 4
399 433 3
47 419 2
95 21 3
80 99 1
157 443 2
479 242 4
348 79 5
324 232 2
421 469 4
211 200 4
418 373 3
257 157 2
139 357 3
224 53 1
301 322 2
180 71 3
408 166 2
29 152 4
166 194 4
229 43 5
208 298 5
309 254 4
453 456 1
132 84 5
280 480 3
471 434 1
446 469 3
138 133 5
111 168 2
282 493 3
188 474 1
61 180 5
428 261 3
204 418 2
400 385 5
9 142 4
74 139 5
420 70 5
117 105 3
500 59 2
212 51 5
208 429 4
265 53 5
264 265 1
117 237 1
175 195 3
172 300 3
341 349 4
384 377 5
45 462 3
429 87 5
442 142 5
197 174 5
141 418 2
94 87 1
162 466 5
391 39 5
104 340 2
357 301 3
21 272 5
18 7 4
256 360 1
362 56 4
483 367 3
289 57 3
466 22 3
93 282 2
358 337 2
329 177 5
82 232 1
299 288 1
163 151 2
230 368 5
6 405 1
132 436 1
51 489 4
3 423 4
51 295 3
211 197 1
420 276 5
213 377 2
376 66 3
354 295 5
214 260 5
141 66 5
360 325 4
51 124 3
126 228 1
367 415 4
315 266 4
362 290 2
298 276 4
187 294 4
328 459 5
218 131 4
291 309 3
270 117 2
402 286 2
177 403 4
455 268 4
498 347 5
297 32 1
286 170 5
390 281 5
451 78 1
117 401 2
221 171 4
33 97 2
222 362 5
343 67 4
123 364 3
495 179 3
453 75 2
236 61 3
389 220 5
416 4 1
61 256 4
294 93 3
452 82 2
439 454 1
484 48 1
400 175 3
291 185 2
224 389 3
463 154 1
479 425 4
220 186 1
244 397 3
331 232 2
252 374 5
317 65 3
385 204 4
212 500 3
238 82 4
402 460 1
453 133 2
343 123 3
464 305 1
373 73 3
6 23 4
330 48 3
191 425 2
362 310 5
228 316 1
311 62 5
239 434 3
274 416 1
61 154 2
9 74 5
188 117 3
131 482 2
347 47 2
26 77 5
73 481 4
137 237 1
303 324 4
481 345 4
287 281 4
492 182 3
321 264 5
408 258 4
51 375 1
9 450 1
239 448 4
72 395 3
495 86 1
204 57 1
420 403 5
422 371 1
129 108 2
204 41 5
187 265 3
445 491 4
207 175 2
286 347 1
489 221 4
478 79 5
353 350 4
212 390 5
404 170 5
387 74 1
176 397 4
2 112 4
225 492 1
248 378 3
88 168 5
412 182 2
284 308 1
389 484 1
490 41 5
499 86 1
259 366 2
289 464 1
136 273 2
9 472 2
6 36 4
73 293 4
258 93 1
135 78 3
467 87 2
380 161 5
13 194 5
17 409 4
431 318 2
258 473 5
327 411 2
7 299 1
460 303 5
52 197 2
207 101 3
184 114 2
197 281 5
194 178 4
320 176 4
441 355 4
184 221 5
188 236 1
293 473 1
499 188 2
71 137 3
301 419 3
395 452 2
148 187 1
339 7 3
151 37 4
351 451 1
268 342 3
341 364 5
140 303 1
314 73 1
52 403 1
318 500 4
17 277 5
79 13 4
150 365 4
271 83 1
219 236 4
112 168 2
167 277 2
130 497 1
67 288 5
1 310 2
354 189 3
61 126 2
260 307 2
179 112 1
146 337 3
5 322 3
178 490 5
181 447 5
79 75 2
95 484 2
78 29 4
90 29 3
51 469 1
23 107 4
164 169 2
247 150 2
128 91 3
141 401 1
244 139 1
375 491 4
65 347 1
305 451 1
133 132 3
385 138 2
121 271 2
18 90 1
476 49 2
425 401 2
260 329 4
444 333 2
441 325 3
483 193 5
26 1 3
171 390 1
65 337 3
57 144 3
487 203 3
461 78 5
352 4 2
284 59 2
452 40 4
288 432 5
7 260 4
399 162 1
412 96 1
408 373 4
265 413 3
397 473 3
291 85 2
164 366 1
390 310 5
469 256 4
180 195 4
500 144 4
40 301 5
495 280 4
163 488 3
388 161 3
259 233 2
97 144 2
305 29 3
476 373 2
357 75 3
176 127 3
268 432 3
456 171 1
75 88 4
198 432 5
463 356 2
206 331 4
459 371 3
370 357 5
82 409 5
14 213 4
89 315 4
447 18 1
332 15 3
374 218 5
14 297 1
269 273 4
282 200 4
221 15 1
1 416 4
40 230 5
64 483 5
226 383 3
218 441 5
215 412 5
132 17 2
306 291 3
49 234 5
290 88 4
386 171 3
14 382 5
115 202 1
173 235 5
103 313 4
255 71 4
119 332 5
186 184 5
190 222 3
85 111 5
363 118 4
58 464 4
41 16 3
214 263 4
399 29 5
208 81 2
478 135 4
433 22 1
75 415 4
86 457 1
36 422 4
290 77 1
190 57 3
433 151 1
466 51 4
385 359 1
407 499 3
15 117 4
423 121 4
355 301 4
68 377 3
131 273 4
496 63 3
164 184 4
334 375 3
86 470 1
372 136 1
100 438 4
159 497 4
2 120 4
25 33 2
150 174 5
256 434 5
69 48 3
172 80 4
192 331 2
423 168 3
376 174 2
378 43 1
393 141 3
125 305 4
457 62 3
103 45 2
299 107 2
412 173 3
322 397 4
209 142 5
303 482 3
139 455 2
408 44 5
329 388 2
172 418 3
340 214 4
497 279 3
382 243 5
21 114 2
64 446 1
302 156 2
103 461 2
404 142 5
55 483 3
485 124 3
95 447 4
369 234 3
158 318 2
242 178 5
44 469 5
227 368 5
185 486 4
6 115 5
137 320 3
69 114 2
266 11 1
261 43 1
441 239 5
360 477 5
428 27 2
145 226 5
481 420 2
421 250 2
334 470 2
45 180 4
490 362 2
356 438 4
248 232 3
70 466 2
148 109 3
1 242 2
484 357 5
106 192 5
199 220 1
154 21 4
194 469 4
250 16 1
472 198 1
273 49 3
69 398 2
135 94 1
401 267 5
183 362 1
422 480 5
386 223 1
10 394 2
203 322 1
467 488 4
180 353 4
239 282 4
398 451 4
78 441 4
213 392 1
406 295 2
76 263 4
321 243 5
23 287 1
10 111 5
375 153 2
109 337 4
156 345 1
175 397 5
147 30 3
182 202 1
193 19 3
402 425 2
39 174 4
153 245 1
163 212 1
400 326 5
296 369 3
78 399 5
497 163 2
271 274 2
124 489 2
398 438 1
428 330 5
201 321 3
421 433 3
500 500
265 280 2
127 215 1
457 289 1
328 486 1
229 349 1
270 145 4
317 45 4
486 279 2
102 487 3
266 297 5
93 36 2
234 412 2
322 480 3
213 134 3
30 276 5
353 235 4
174 133 4
425 480 5
98 69 2
374 265 1
451 469 5
224 396 1
332 177 5
25 24 2
247 104 2
243 254 5
481 111 4
447 190 5
408 288 1
484 372 5
38 128 2
281 207 1
78 160 1
17 94 2
406 380 2
447 265 5
61 373 2
108 163 3
289 74 2
28 396 2
198 221 2
409 387 1
102 331 2
260 2 5
20 8 4
479 268 4
441 314 4
241 336 1
272 33 4
248 4 3
168 39 5
292 495 4
229 459 3
139 320 4
295 57 1
167 282 2
481 326 1
103 50 3
409 196 1
408 340 1
368 250 4
390 421 2
54 232 2
425 184 3
112 279 4
184 10 1
208 76 1
110 220 2
171 415 1
399 404 3
490 39 1
378 407 1
326 13 1
61 344 3
346 10 4
66 499 1
18 463 3
237 43 5
40 35 4
20 259 5
180 306 5
118 34 4
236 59 2
47 331 1
94 369 3
129 96 4
181 82 1
379 393 1
57 220 4
166 24 2
445 151 3
462 144 1
219 320 1
435 393 1
92 192 3
286 487 4
345 158 5
253 46 3
465 287 3
418 416 3
307 252 1
348 207 2
52 380 4
420 256 2
224 8 4
414 125 2
25 484 2
479 164 4
153 347 3
119 295 2
480 290 5
55 14 1
362 201 2
296 427 4
285 201 1
294 341 4
427 120 1
211 136 2
219 478 2
98 347 4
481 311 4
143 203 3
14 107 1
113 344 5
489 170 4
294 160 3
136 25 3
313 401 1
19 128 4
203 58 3
430 191 3
302 48 4
480 468 5
318 491 5
236 469 4
489 215 3
101 45 2
343 294 2
423 445 5
127 391 3
476 53 4
192 248 3
488 52 3
466 250 3
176 378 1
367 92 3
379 414 2
102 95 3
123 8 2
497 400 5
177 382 3
218 78 3
188 496 3
89 271 2
60 222 5
256 413 3
127 151 5
385 351 5
90 308 5
218 264 1
4 320 2
359 90 1
471 414 4
266 339 2
117 112 3
322 377 2
416 235 5
171 282 2
3 45 3
23 484 3
46 275 2
175 484 1
15 108 3
446 152 4
61 156 3
43 132 5
93 112 5
417 281 1
426 361 4
56 147 2
391 100 2
420 168 4
391 376 5
107 141 1
116 122 3
374 130 3
57 60 3
182 160 4
485 434 2
295 340 4
46 284 1
214 174 1
449 101 2
91 191 2
206 11 5
159 11 5
433 140 1
257 331 5
468 440 4
319 433 1
441 11 1
242 299 2
61 143 4
200 149 3
322 319 3
384 484 2
131 231 1
28 304 3
290 153 3
30 84 1
272 75 2
91 303 2
386 399 3
425 488 2
239 428 5
468 360 2
321 484 1
338 133 3
109 235 5
13 277 3
228 179 2
260 287 4
185 404 5
441 107 3
473 113 4
497 119 2
174 248 1
219 260 5
334 286 5
45 147 2
186 246 2
329 220 1
11 7 1
229 445 3
191 477 5
267 38 5
49 374 5
331 429 1
282 84 4
279 70 2
445 290 5
264 77 1
133 255 3
199 274 5
264 5 1
358 430 2
266 102 1
166 329 1
45 288 1
60 397 2
298 12 4
339 317 4
154 474 5
492 352 3
84 238 4
307 309 3
433 34 4
149 395 1
427 158 1
365 80 3
487 52 2
246 28 1
310 459 1
425 369 5
146 11 4
322 246 2
154 371 2
271 387 3
416 225 2
46 390 2
223 181 4
271 118 1
401 162 3
81 323 1
113 345 2
47 236 4
76 90 2
303 200 4
51 482 1
83 22 2
483 183 5
146 49 4
22 54 2
440 259 4
129 160 1
462 188 5
142 325 4
152 95 4
456 297 4
483 303 5
348 408 2
310 317 2
393 231 4
109 138 3
125 377 1
256 442 5
8 183 3
200 109 2
453 13 2
277 225 5
150 448 4
214 359 4
186 201 2
120 168 4
278 470 5
182 292 3
120 482 3
324 426 1
148 171 1
67 418 4
400 459 5
357 389 4
436 348 1
387 199 2
499 454 4
378 56 3
117 332 3
362 286 5
400 124 4
416 144 2
443 37 3
83 495 5
99 222 4
426 163 2
417 120 4
205 289 4
199 490 1
236 105 2
36 296 1
333 169 1
15 265 1
15 56 2
101 417 1
87 454 4
283 423 2
396 308 4
307 7 4
31 465 1
416 469 1
304 242 3
338 254 1
167 441 3
481 7 4
328 10 1
185 34 1
307 319 4
245 143 2
344 160 3
182 64 2
427 146 1
74 415 1
177 140 5
341 188 3
172 423 3
202 32 3
371 492 2
221 314 1
64 207 1
160 403 4
421 210 4
121 290 3
228 236 3
74 490 3
106 70 2
173 390 1
36 400 1
268 254 1
54 500 2
492 185 4
387 102 1
401 211 3
434 178 5
255 449 1
7 107 4
210 329 5
77 160 3
168 393 1
232 152 5
439 215 2
141 76 3
182 109 2
345 358 2
278 334 2
218 305 3
330 256 2
437 144 5
40 113 2
186 189 5
466 9 5
186 242 3
261 259 1
361 319 4
13 214 1
107 171 2
408 77 4
456 36 1
298 226 2
115 111 2
310 139 5
297 253 2
259 205 4
388 190 1
107 414 5
366 2 1
203 263 4
366 225 3
30 152 2
328 470 2
329 222 3
183 376 4
473 98 3
452 416 1
470 228 4
29 494 4
190 367 4
205 335 4
440 62 1
120 115 2
147 304 2
337 33 1
7 455 5
177 16 5
494 412 5
448 10 4
64 268 4
29 249 1
82 455 4
238 236 3
68 413 2
180 74 3
361 270 1
115 277 3
154 128 2
261 296 2
118 358 2
136 220 2
347 157 1
197 410 2
389 390 2
144 44 5
205 434 2
251 333 1
340 375 3
500 53 5
333 176 2
268 168 4
275 267 2
184 385 5
343 32 4
52 341 2
435 321 5
246 214 2
488 448 4
234 132 1
430 45 1
216 41 2
93 341 4
435 130 1
411 204 4
330 68 4
454 181 2
251 297 5
254 112 1
1 122 5
11 81 2
301 220 2
429 251 2
353 212 4
65 483 1
109 130 2
497 261 2
295 360 1
498 495 3
110 448 5
169 227 1
467 458 4
330 404 3
72 208 1
169 230 4
484 347 2
493 201 1
32 44 1
17 310 5
228 425 2
5 465 2
118 14 1
453 237 1
280 149 1
274 25 1
473 121 3
488 363 3
298 164 4
117 244 5
156 70 4
500 348 2
48 25 1
138 477 1
433 269 3
217 257 1
452 349 3
500 500
294 118 1
282 90 3
306 257 4
176 182 1
397 373 1
498 332 3
437 80 5
223 73 4
330 313 1
189 188 2
447 61 4
355 138 5
208 378 4
473 124 1
169 121 1
408 426 3
497 462 1
135 223 2
422 107 2
30 20 1
153 39 4
143 393 2
330 433 4
438 450 4
301 122 2
44 367 3
300 97 1
165 151 1
171 167 3
214 329 1
279 448 4
271 401 3
10 323 5
429 198 5
420 88 3
340 425 2
480 248 3
95 141 1
4 225 2
286 40 3
176 471 3
35 198 3
25 271 4
55 361 2
2 164 1
275 291 3
238 46 1
441 229 2
225 222 2
207 472 2
19 328 2
95 222 1
383 286 1
75 143 4
456 84 3
374 460 4
324 67 4
82 354 1
239 396 1
339 23 4
121 500 2
242 151 4
478 448 5
129 478 2
246 29 2
318 329 4
71 445 5
143 6 3
3 368 5
398 364 2
21 401 3
147 213 4
340 261 2
246 295 1
471 401 5
92 261 3
120 210 5
320 383 2
292 495 5
487 190 5
331 366 3
376 16 5
59 179 3
422 428 5
391 59 2
199 413 5
51 364 1
7 304 1
232 478 5
480 485 2
347 96 4
500 222 2
294 434 3
476 400 5
195 377 3
182 339 2
373 290 2
473 368 3
342 85 1
232 392 5
144 257 4
486 468 4
121 41 5
270 194 2
26 152 3
377 95 2
41 118 5
152 106 2
353 424 3
182 315 3
416 395 5
206 121 2
346 169 5
188 229 4
382 244 4
461 310 2
11 15 3
487 178 3
251 491 1
64 12 5
108 47 1
465 372 2
74 117 2
500 63 3
284 11 5
161 218 3
373 110 3
346 323 1
443 103 3
414 191 5
147 162 1
384 304 1
45 204 2
168 313 1
3 42 2
391 165 4
403 275 3
246 422 4
75 479 5
469 271 5
223 114 5
117 171 2
218 298 2
322 234 1
170 204 4
388 25 4
452 144 2
265 299 4
277 43 4
114 446 2
138 476 3
264 314 5
149 432 3
141 65 4
402 259 2
489 475 2
244 377 4
88 151 3
358 329 4
489 400 4
408 211 5
336 97 1
93 464 4
155 365 5
239 299 2
67 59 5
43 458 2
407 4 1
138 368 2
104 291 2
173 467 4
215 220 3
448 316 2
28 452 3
21 415 4
247 182 4
367 475 2
409 62 1
101 202 3
1 19 1
262 197 4
56 162 4
279 343 5
349 220 4
49 299 2
155 30 2
265 312 5
477 281 4
413 94 2
454 366 4
326 28 1
235 177 2
361 320 3
461 152 1
308 197 5
64 460 1
110 316 1
88 119 3
78 358 5
416 233 4
84 429 1
82 151 4
231 490 2
256 38 1
337 451 3
203 437 3
326 60 2
90 295 2
70 21 3
453 452 4
61 206 2
294 267 2
170 435 1
318 496 1
104 31 2
71 240 5
370 109 1
484 148 2
442 237 5
68 54 5
396 313 2
334 396 2
38 81 5
221 330 2
61 279 5
135 286 5
416 328 2
208 280 2
82 134 5
210 380 4
248 286 3
116 362 1
391 354 2
65 218 1
181 269 2
282 485 1
78 385 3
335 394 5
120 15 2
201 182 4
294 75 5
33 153 4
232 105 3
412 219 1
408 500 4
431 154 5
429 222 3
436 129 3
52 305 5
233 371 5
268 288 5
84 409 1
450 382 3
68 200 5
405 314 4
90 254 5
428 203 3
460 476 1
393 470 3
495 42 2
54 97 4
421 86 3
88 194 2
86 306 4
185 268 4
110 196 1
483 215 2
153 328 4
314 364 3
219 403 4
124 53 5
334 191 3
216 129 5
96 439 5
126 294 1
279 298 1
334 128 3
180 472 5
51 14 3
29 394 2
89 372 3
252 483 1
1 216 3
383 19 1
29 178 5
377 62 1
24 416 4
426 283 1
210 197 3
202 369 3
299 117 4
12 189 5
8 33 4
74 194 1
387 358 1
94 44 5
313 179 5
67 77 1
246 260 3
27 144 2
498 287 3
107 285 2
313 142 5
428 211 2
266 111 4
312 239 5
419 490 5
58 253 2
358 92 4
372 361 4
282 324 1
83 137 2
455 262 1
278 471 2
191 298 5
285 236 3
53 451 1
12 474 1
463 175 5
313 364 2
228 361 5
106 411 5
278 145 1
316 358 5
410 203 3
488 214 2
104 353 1
164 478 4
212 299 3
405 340 4
336 325 3
150 484 5
83 170 1
372 327 3
172 150 3
487 132 2
190 472 3
444 493 1
11 192 2
281 59 2
341 114 2
207 217 3
197 284 1
69 13 4
493 58 3
127 316 5
144 49 1
63 263 2
44 259 4
50 169 4
33 303 1
367 65 5
53 58 5
64 268 4
138 389 5
462 33 3
237 333 5
164 500 2
128 313 2
441 495 1
145 335 3
252 198 5
458 381 2
222 217 4
78 49 2
61 81 4
204 333 3
163 24 3
159 328 1
476 109 1
454 437 5
126 477 5
106 332 4
454 116 4
416 415 1
135 310 5
4 421 3
19 334 5
367 274 5
493 144 3
416 369 5
70 306 3
243 372 4
64 134 2
42 473 1
201 333 3
107 301 1
291 221 4
408 477 5
1 424 3
227 261 2
55 407 3
148 76 2
468 147 5
236 325 2
128 438 2
290 305 3
303 52 1
10 467 1
225 205 5
202 421 1
383 59 2
276 84 1
7 174 1
407 309 1
440 158 2
336 334 3
229 167 5
246 395 2
258 269 3
232 304 5
199 300 3
94 81 2
328 29 1
12 446 4
281 199 2
469 314 2
466 42 4
390 81 5
67 6 5
409 378 1
35 477 4
259 152 2
32 430 1
369 373 4
441 247 3
79 164 1
456 352 1
193 300 2
325 63 1
489 24 1
415 216 2
449 161 2
266 366 3
137 393 4
492 467 5
290 265 5
170 380 5
5 304 2
67 298 2
41 311 2
188 17 1
335 143 3
132 139 2
394 323 5
113 199 3
48 141 1
388 152 1
464 8 4
446 379 5
289 131 5
18 29 3
10 252 4
459 470 4
495 459 2
67 51 3
297 307 2
486 377 3
49 387 2
110 74 2
25 276 1
8 146 2
370 492 5
311 210 5
439 372 5
202 31 1
234 249 3
387 423 2
416 212 4
367 497 4
254 65 5
36 84 4
267 300 1
452 63 4
428 233 1
371 316 3
261 333 1
100 229 4
42 451 5
465 338 5
441 172 2
52 57 4
7 379 4
39 12 4
389 232 1
158 149 5
294 416 4
181 326 3
435 81 2
131 55 4
26 173 5
9 312 3
483 107 5
96 217 2
399 272 2
65 433 5
410 269 1
91 13 5
100 406 4
481 461 5
500 500
296 215 4
56 500 4
296 340 5
17 360 3
443 232 2
275 126 3
261 318 3
138 459 1
162 270 2
27 324 3
302 329 1
380 32 1
125 444 5
209 106 4
274 43 2
383 214 4
223 163 2
436 305 1
342 87 5
70 91 5
51 180 4
68 270 1
305 422 2
18 171 4
328 398 2
22 169 3
411 130 3
76 152 1
467 264 4
219 103 1
355 102 2
20 81 2
179 103 2
128 490 1
437 263 3
370 472 3
409 354 4
451 323 5
28 18 5
157 292 2
379 182 5
167 48 1
406 494 1
102 232 1
342 421 3
131 465 5
354 301 3
342 446 5
375 431 1
377 24 5
84 268 5
258 457 4
282 113 3
409 140 4
7 69 5
286 397 4
103 162 4
18 198 3
136 381 4
13 117 2
491 363 1
497 256 5
227 470 4
67 55 1
71 246 4
290 29 3
394 234 4
95 164 2
156 52 4
163 482 1
76 134 3
176 303 4
66 433 5
79 54 1
36 87 4
188 73 1
76 313 3
340 132 1
443 398 3
345 450 5
389 488 5
182 90 4
127 319 2
136 50 5
9 446 3
217 7 5
188 377 3
495 119 1
391 438 4
154 393 2
274 354 5
230 304 5
418 26 3
93 393 4
470 399 2
351 400 5
271 77 3
146 296 2
15 361 3
36 168 3
365 92 3
438 195 5
13 37 4
115 4 2
181 174 2
85 81 2
220 498 3
1 204 2
162 390 1
114 180 1
99 290 5
242 183 4
426 291 3
279 18 4
172 57 3
156 385 5
87 96 2
352 289 1
180 343 3
323 134 3
167 491 1
144 186 5
193 287 2
10 415 3
147 169 1
491 476 5
99 356 2
77 104 5
67 103 1
407 132 3
108 356 1
262 93 4
143 91 2
329 310 2
55 394 3
173 131 2
16 294 3
368 388 5
98 65 5
149 13 4
254 28 2
37 396 3
348 6 5
356 40 4
281 396 5
361 304 3
478 359 2
290 52 1
58 227 1
446 460 1
443 320 2
429 157 5
51 288 5
491 168 3
182 382 4
123 182 2
438 124 5
370 442 5
163 39 2
321 467 4
49 37 4
431 213 1
163 357 5
467 135 4
444 233 5
354 363 4
32 176 2
130 463 5
45 237 3
353 398 3
295 153 2
243 208 2
161 294 4
161 309 1
278 33 5
46 16 3
328 488 3
240 124 5
185 176 3
193 430 4
456 392 1
492 15 5
218 267 4
386 164 2
484 328 4
267 40 4
341 337 1
500 80 3
208 10 5
299 448 1
341 402 2
154 182 4
129 270 5
352 173 2
18 96 2
393 269 5
185 411 1
372 148 1
451 207 1
457 247 1
269 80 1
347 191 3
181 224 5
479 148 2
496 412 5
250 290 2
433 415 4
294 499 3
456 479 3
291 27 2
187 24 1
28 62 1
333 213 1
98 261 4
444 424 4
311 72 5
393 318 4
474 369 1
415 316 3
229 100 5
483 135 4
254 276 3
21 326 1
426 206 4
212 352 1
263 413 3
310 387 4
205 484 1
104 385 1
392 7 5
320 98 5
3 430 5
147 76 1
246 375 1
46 491 1
260 480 2
463 95 4
270 324 2
498 228 3
134 139 3
218 155 2
317 64 1
321 338 1
364 163 3
348 165 3
463 15 3
203 47 5
336 24 2
263 150 3
304 63 1
435 189 5
250 464 3
400 386 3
387 38 4
317 494 3
446 174 4
195 147 3
392 237 5
324 263 3
112 116 1
75 449 5
274 430 2
336 4 1
398 188 3
267 124 1
342 262 1
279 261 1
363 313 2
357 189 5
392 254 2
232 492 1
400 46 1
284 214 4
196 394 1
481 194 2
433 454 2
203 15 1
172 364 1
275 28 2
405 126 2
41 482 2
221 154 2
385 399 3
150 181 1
55 379 4
51 343 5
209 164 5
320 174 4
229 377 5
263 236 2
434 207 3
6 486 4
283 450 3
477 103 4
158 106 1
32 105 2
294 186 3
247 343 5
477 239 2
147 70 4
247 172 5
169 152 2
460 443 5
359 78 3
208 444 3
270 42 3
248 373 5
49 80 3
213 224 5
360 483 2
22 491 1
447 415 1
162 168 5
485 156 4
479 166 1
412 368 5
276 337 2
312 404 5
394 14 3
75 254 3
434 464 2
210 65 1
415 142 4
3 496 2
463 141 5
452 467 2
407 184 5
491 311 1
424 96 5
82 386 5
135 262 1
105 353 5
64 19 2
479 2 1
212 118 4
438 318 2
353 276 2
397 266 2
470 120 3
34 67 1
387 283 3
402 276 5
238 192 1
170 262 4
141 147 1
154 166 1
467 170 3
286 50 1
428 358 4
366 155 5
338 179 2
477 126 2
78 454 3
187 437 4
357 37 4
227 110 1
164 82 4
397 67 1
30 150 2
315 202 3
238 339 4
387 399 3
460 198 4
494 83 5
352 369 5
492 373 4
208 303 1
357 164 4
382 190 5
123 151 5
95 35 2
411 82 2
486 354 4
241 405 2
307 134 5
22 28 4
262 16 5
37 422 1
49 97 4
100 22 4
476 461 3
185 5 4
280 275 5
30 346 2
446 259 5
79 370 1
276 310 5
165 285 2
379 193 4
429 249 3
167 235 5
290 243 3
16 134 4
131 137 4
497 283 4
92 325 4
322 112 4
120 373 5
192 290 1
36 32 5
392 140 5
377 340 2
114 338 1
181 251 1
317 152 1
266 11 4
291 132 5
442 31 4
200 445 3
49 364 5
420 196 5
350 356 4
135 38 3
153 439 3
49 170 1
291 29 2
167 141 2
180 325 2
387 374 3
231 108 4
388 350 3
209 57 5
493 265 5
451 415 2
374 211 5
218 22 1
245 286 5
225 374 5
240 219 1
194 183 1
381 473 1
137 369 4
470 410 1
220 315 2
220 46 4
165 24 1
144 38 1
320 433 2
123 270 3
371 375 3
280 400 3
62 376 5
348 270 1
300 464 2
200 66 4
277 144 5
5 361 5
127 203 1
232 166 1
484 312 3
471 33 5
287 352 1
224 428 2
57 480 5
253 182 2
26 277 2
335 72 5
412 100 1
125 491 1
131 251 3
56 251 1
472 51 3
142 486 2
335 372 2
218 488 2
61 241 4
400 179 3
13 87 3
10 271 5
68 392 2
151 80 3
412 95 3
45 378 1
436 294 1
469 4 5
206 481 1
365 237 3
174 253 5
483 339 1
78 13 5
421 204 3
209 377 1
90 391 5
298 109 2
113 123 1
493 374 2
252 56 4
136 233 2
292 310 2
230 249 1
267 258 4
283 76 4
473 211 2
147 304 4
457 407 2
27 84 5
380 22 4
144 343 1
263 352 3
166 88 5
